$NASTRAN Data File Generated from OpenVSP 3.30.0
$Num_Els: 192
$Num_Tris: 0
$Num_Quads: 192
$Num_Beams 0

$ 1, Skin_Gridpoints
SET 1 = 1,2,3,4,5,6,7,8,9,
10,11,12,13,14,15,16,17,18,
19,20,21,22,23,24,25,26,27,
28,29,30,31,32,33,34,35,36,
37,38,39,40,41,42,43,44,45,
46,47,48,49,50,51,52,53,54,
55,56,57,58,59,60,61,62,63,
64,65,66,67,68,69,70,71,72,
73,74,75,76,77,78,79,80,81,
82,83,84,85,86,87,88,89,90,
91,92,93,94,95,96,97,98,99,
100,101,102,103,104,105,106,107,108,
109,110,111,112,113,114,115,116,117,
118,119,120,121,122,123,124,125,126,
127,128,129,130,131,132,133,134,135,
136,137,138,139,140,141,142,143,144,
145,146,147,148,149,150,151,152,153,
154,155,156,157,158,159,160,161,162,
163,164,165,166,167,168,169,170,171,
172,173,174,175,176,177,178,179,180,
181,182,183,184,185,186,187,188,189,
190,191,192,193,194,195,196,197,198,
199,200,201,202,203,204,205,206,207,
208,209,210,211,212,213,214,215,216,
217,218,219,220,221,222,223,224,225,
226,227,228,229,230,231,232,233,234,
235,236,237,238,239,240,241,242,243,
244,245,246,247,248,249,250,251,252,
253,254,255,256,257,258,259,260,261,
262,263,264,265,266,267,268,269,270,
271,272,273,274,275,276,277,278,279,
280,281,282,283,284,285,286,287,288,
289,290,291,292,293,294,295,296,297,
298,299,300,301,302,303,304,305,306,
307,308,309,310,311,312,313,314,315,
316,317,318,319,320,321,322,323,324,
325,326,327,328,329,330,331,332,333,
334,335,336,337,338,339,340,341,342,
343,344,345,346,347,348,349,350,351,
352,353,354,355,356,357,358,359,360,
361,362,363,364,365,366,367,368,369,
370,371,372,373,374,375,376,377,378,
379,380,381,382,383,384,385,386,387,
388,389,390,391,392,393,394,395,396,
397,398,399,400,401,402,403,404,405,
406,407,408,409,410,411,412,413,414,
415,416,417,418,419,420,421,422,423,
424,425,426,427,428,429,430,431,432,
433,434,435,436,437,438,439,440,441,
442,443,444,445,446,447,448,449,450,
451,452,453,454,455,456,457,458,459,
460,461,462,463,464,465,466,467,468,
469,470,471,472,473,474,475,476,477,
478,479,480,481,482,483,484,485,486,
487,488,489,490,491,492,493,494,495,
496,497,498,499,500,501,502,503,504,
505,506,507,508,509,510,511,512,513,
514,515,516,517,518,519,520,521,522,
523,524,525,526,527,528,529,530,531,
532,533,534,535,536,537,538,539,540,
541,542,543,544,545,546,547,548,549,
550,551,552,553,554,555,556,557,558,
559,560,561,562,563,564,565,566,567,
568,569,570,571,572,573,574,575,576,
577,578,579,580,581,582,583,584

$ 2, Skin_ShellElements
SET 2 = 585,586,587,588,589,590,591,592,593,
594,595,596,597,598,599,600,601,602,
603,604,605,606,607,608,609,610,611,
612,613,614,615,616,617,618,619,620,
621,622,623,624,625,626,627,628,629,
630,631,632,633,634,635,636,637,638,
639,640,641,642,643,644,645,646,647,
648,649,650,651,652,653,654,655,656,
657,658,659,660,661,662,663,664,665,
666,667,668,669,670,671,672,673,674,
675,676,677,678,679,680,681,682,683,
684,685,686,687,688,689,690,691,692,
693,694,695,696,697,698,699,700,701,
702,703,704,705,706,707,708,709,710,
711,712,713,714,715,716,717,718,719,
720,721,722,723,724,725,726,727,728,
729,730,731,732,733,734,735,736,737,
738,739,740,741,742,743,744,745,746,
747,748,749,750,751,752,753,754,755,
756,757,758,759,760,761,762,763,764,
765,766,767,768,769,770,771,772,773,
774,775,776

BEGIN BULK

$Skin Gridpoints
GRID    ,       1,        ,5.56e-04,0.249708,0.016131
GRID    ,       2,        ,0.100316,0.252020,0.003497
GRID    ,       3,        ,0.133461,0.168017,-0.00115
GRID    ,       4,        ,0.100025,0.125190,-0.00337
GRID    ,       5,        ,0.050436,0.250864,0.009814
GRID    ,       6,        ,0.116889,0.210018,0.001175
GRID    ,       7,        ,0.116743,0.146604,-0.00226
GRID    ,       8,        ,0.050290,0.187449,0.006382
GRID    ,       9,        ,0.200168,0.253612,0.004147
GRID    ,      10,        ,0.199901,0.126807,-0.00316
GRID    ,      11,        ,0.200035,0.190209,4.95e-04
GRID    ,      12,        ,0.166681,0.147412,-0.00215
GRID    ,      13,        ,0.150242,0.252816,0.003822
GRID    ,      14,        ,0.199635, 0.0e+00,-0.01046
GRID    ,      15,        ,0.149830,0.062595,-0.00692
GRID    ,      16,        ,0.199768,0.063403,-0.00681
GRID    ,      17,        ,9.89e-04,0.499311,0.028768
GRID    ,      18,        ,0.100849,0.499663,0.016900
GRID    ,      19,        ,0.133995,0.417650,0.012655
GRID    ,      20,        ,0.100563,0.376798,0.010250
GRID    ,      21,        ,0.050919,0.499487,0.022834
GRID    ,      22,        ,0.117422,0.458657,0.014777
GRID    ,      23,        ,0.117279,0.397224,0.011453
GRID    ,      24,        ,0.050776,0.438054,0.019509
GRID    ,      25,        ,0.200685,0.499296,0.018302
GRID    ,      26,        ,0.200426,0.376454,0.011225
GRID    ,      27,        ,0.200556,0.437875,0.014763
GRID    ,      28,        ,0.167210,0.397052,0.011940
GRID    ,      29,        ,0.150767,0.499479,0.017601
GRID    ,      30,        ,0.150365,0.315205,0.007199
GRID    ,      31,        ,0.200297,0.315033,0.007686
GRID    ,      32,        ,0.101138,0.622528,0.023549
GRID    ,      33,        ,0.134371,0.581461,0.021712
GRID    ,      34,        ,0.051064,0.560920,0.026159
GRID    ,      35,        ,0.117754,0.601994,0.022631
GRID    ,      36,        ,0.117610,0.540562,0.019306
GRID    ,      37,        ,0.201202,0.744980,0.032456
GRID    ,      38,        ,0.200943,0.622138,0.025379
GRID    ,      39,        ,0.201072,0.683559,0.028917
GRID    ,      40,        ,0.167657,0.601799,0.023545
GRID    ,      41,        ,0.151170,0.683754,0.028003
GRID    ,      42,        ,0.200814,0.560717,0.021840
GRID    ,      43,        ,0.066490,0.083652,-0.00479
GRID    ,      44,        ,3.39e-04,0.124854,0.009809
GRID    ,      45,        ,0.083257,0.104421,-0.00408
GRID    ,      46,        ,0.033415,0.104253,0.002508
GRID    ,      47,        ,4.47e-04,0.187281,0.012970
GRID    ,      48,        ,0.093017, 0.0e+00,-0.01002
GRID    ,      49,        ,0.146326, 0.0e+00,-0.01024
GRID    ,      50,        ,0.079753,0.041826,-0.00741
GRID    ,      51,        ,1.22e-04, 0.0e+00,0.003488
GRID    ,      52,        ,2.30e-04,0.062427,0.006649
GRID    ,      53,        ,0.046569, 0.0e+00,-0.00327
GRID    ,      54,        ,0.001423,0.748914,0.041406
GRID    ,      55,        ,0.101381,0.747306,0.030302
GRID    ,      56,        ,0.067745,0.664838,0.025981
GRID    ,      57,        ,0.001206,0.624113,0.035087
GRID    ,      58,        ,0.051402,0.748110,0.035854
GRID    ,      59,        ,0.084563,0.706072,0.028142
GRID    ,      60,        ,0.034475,0.644475,0.030534
GRID    ,      61,        ,0.001315,0.686514,0.038246
GRID    ,      62,        ,0.084441,0.643683,0.024765
GRID    ,      63,        ,0.151291,0.746143,0.031379
GRID    ,      64,        ,0.001098,0.561712,0.031928
GRID    ,      65,        ,0.201735,0.998630,0.047069
GRID    ,      66,        ,0.101684,0.874154,0.037168
GRID    ,      67,        ,0.068284,0.915827,0.039272
GRID    ,      68,        ,0.095119,0.999176,0.043846
GRID    ,      69,        ,0.151710,0.936392,0.042119
GRID    ,      70,        ,0.084984,0.894991,0.038220
GRID    ,      71,        ,0.081701,0.957502,0.041559
GRID    ,      72,        ,0.148427,0.998903,0.045457
GRID    ,      73,        ,0.001640,0.873772,0.047727
GRID    ,      74,        ,0.001532,0.811343,0.044567
GRID    ,      75,        ,0.034962,0.894800,0.043500
GRID    ,      76,        ,0.051554,0.811534,0.039287
GRID    ,      77,        ,0.001857,0.998630,0.054049
GRID    ,      78,        ,0.048488,0.998903,0.048947
GRID    ,      79,        ,0.001748,0.936201,0.050888
GRID    ,      80,        ,7.73e-04,0.374510,0.022449
GRID    ,      81,        ,0.067026,0.334627,0.008496
GRID    ,      82,        ,6.64e-04,0.312109,0.019290
GRID    ,      83,        ,0.033899,0.354568,0.015473
GRID    ,      84,        ,0.083671,0.293323,0.005997
GRID    ,      85,        ,0.083794,0.355712,0.009373
GRID    ,      86,        ,8.81e-04,0.436910,0.025609
GRID    ,      87,        ,0.134907,0.831106,0.035514
GRID    ,      88,        ,0.118296,0.852630,0.036341
GRID    ,      89,        ,0.118144,0.789206,0.032908
GRID    ,      90,        ,0.201468,0.871770,0.039761
GRID    ,      91,        ,0.201602,0.935200,0.043415
GRID    ,      92,        ,0.168188,0.851438,0.037637
GRID    ,      93,        ,0.201335,0.808375,0.036108
GRID    ,      94,        ,0.102378,1.123661,0.057038
GRID    ,      95,        ,0.135864,1.166213,0.062379
GRID    ,      96,        ,0.202198,1.124944,0.060337
GRID    ,      97,        ,0.152057,1.061146,0.052053
GRID    ,      98,        ,0.119121,1.144937,0.059708
GRID    ,      99,        ,0.169031,1.145579,0.061358
GRID    ,     100,        ,0.201967,1.061787,0.053703
GRID    ,     101,        ,0.002769,1.247312,0.080171
GRID    ,     102,        ,0.102842,1.249976,0.070306
GRID    ,     103,        ,0.052805,1.248644,0.075238
GRID    ,     104,        ,0.119353,1.208095,0.066342
GRID    ,     105,        ,0.052574,1.185487,0.068604
GRID    ,     106,        ,0.202662,1.251259,0.073605
GRID    ,     107,        ,0.202430,1.188102,0.066971
GRID    ,     108,        ,0.152752,1.250618,0.071956
GRID    ,     109,        ,0.203559,1.495888,0.099301
GRID    ,     110,        ,0.103746,1.496580,0.096209
GRID    ,     111,        ,0.137374,1.577912,0.105624
GRID    ,     112,        ,0.204008,1.618203,0.112149
GRID    ,     113,        ,0.153653,1.496234,0.097755
GRID    ,     114,        ,0.120560,1.537246,0.100916
GRID    ,     115,        ,0.170691,1.598057,0.108886
GRID    ,     116,        ,0.203783,1.557046,0.105725
GRID    ,     117,        ,0.003681,1.495890,0.106281
GRID    ,     118,        ,0.104195,1.618895,0.109057
GRID    ,     119,        ,0.053938,1.557393,0.107669
GRID    ,     120,        ,0.120784,1.598403,0.107340
GRID    ,     121,        ,0.053714,1.496235,0.101245
GRID    ,     122,        ,0.204456,1.740518,0.124997
GRID    ,     123,        ,0.204232,1.679360,0.118573
GRID    ,     124,        ,0.154326,1.679706,0.117027
GRID    ,     125,        ,0.103298,1.374266,0.083361
GRID    ,     126,        ,0.136776,1.414826,0.088493
GRID    ,     127,        ,0.203110,1.373574,0.086453
GRID    ,     128,        ,0.152980,1.312762,0.078483
GRID    ,     129,        ,0.120037,1.394546,0.085927
GRID    ,     130,        ,0.169943,1.394200,0.087473
GRID    ,     131,        ,0.202886,1.312417,0.080029
GRID    ,     132,        ,0.120261,1.455703,0.092351
GRID    ,     133,        ,0.053489,1.435078,0.094821
GRID    ,     134,        ,0.203335,1.434731,0.092877
GRID    ,     135,        ,0.003225,1.371601,0.093226
GRID    ,     136,        ,0.069674,1.332325,0.078708
GRID    ,     137,        ,0.002997,1.309456,0.086698
GRID    ,     138,        ,0.036450,1.351963,0.085967
GRID    ,     139,        ,0.086258,1.291151,0.074507
GRID    ,     140,        ,0.086486,1.353295,0.081034
GRID    ,     141,        ,0.003453,1.433746,0.099754
GRID    ,     142,        ,0.004593,1.744469,0.132392
GRID    ,     143,        ,0.005049,1.868810,0.145453
GRID    ,     144,        ,0.071797,1.911096,0.139502
GRID    ,     145,        ,0.105114,1.869501,0.135381
GRID    ,     146,        ,0.004821,1.806640,0.138923
GRID    ,     147,        ,0.038423,1.889953,0.142477
GRID    ,     148,        ,0.088456,1.890298,0.137441
GRID    ,     149,        ,0.054853,1.806985,0.133887
GRID    ,     150,        ,0.005505,1.993151,0.158514
GRID    ,     151,        ,0.098788,1.993151,0.148253
GRID    ,     152,        ,0.052146,1.993151,0.153384
GRID    ,     153,        ,0.085292,1.952123,0.143878
GRID    ,     154,        ,0.005277,1.930981,0.151983
GRID    ,     155,        ,0.205383,1.993151,0.151534
GRID    ,     156,        ,0.155249,1.931326,0.143457
GRID    ,     157,        ,0.152085,1.993151,0.149894
GRID    ,     158,        ,0.104651,1.743184,0.122112
GRID    ,     159,        ,0.070880,1.661131,0.113246
GRID    ,     160,        ,0.004137,1.620180,0.119337
GRID    ,     161,        ,0.054622,1.743827,0.127252
GRID    ,     162,        ,0.087766,1.702158,0.117679
GRID    ,     163,        ,0.037509,1.640655,0.116291
GRID    ,     164,        ,0.004365,1.682325,0.125865
GRID    ,     165,        ,0.087538,1.640013,0.111151
GRID    ,     166,        ,0.154554,1.741851,0.123555
GRID    ,     167,        ,0.003909,1.558035,0.112809
GRID    ,     168,        ,0.204920,1.866835,0.138266
GRID    ,     169,        ,0.138286,1.826526,0.131738
GRID    ,     170,        ,0.205151,1.929993,0.144900
GRID    ,     171,        ,0.171603,1.846680,0.135002
GRID    ,     172,        ,0.121700,1.848014,0.133559
GRID    ,     173,        ,0.121468,1.784855,0.126925
GRID    ,     174,        ,0.204688,1.803676,0.131631
GRID    ,     175,        ,0.068757,1.082362,0.052452
GRID    ,     176,        ,0.081938,1.040769,0.048149
GRID    ,     177,        ,0.085568,1.103012,0.054745
GRID    ,     178,        ,0.002313,1.122971,0.067110
GRID    ,     179,        ,0.002085,1.060800,0.060579
GRID    ,     180,        ,0.035535,1.102666,0.059781
GRID    ,     181,        ,0.002541,1.185141,0.073640
GRID    ,     182,        ,0.093910, 0.0e+00,0.011911
GRID    ,     183,        ,0.067807,0.082389,0.019009
GRID    ,     184,        ,0.047016, 0.0e+00,0.007699
GRID    ,     185,        ,0.080858,0.041195,0.015460
GRID    ,     186,        ,0.034073,0.103622,0.014409
GRID    ,     187,        ,0.102197,0.124057,0.017491
GRID    ,     188,        ,0.150916,0.062028,0.003514
GRID    ,     189,        ,0.085002,0.103223,0.018250
GRID    ,     190,        ,0.146772, 0.0e+00,7.24e-04
GRID    ,     191,        ,0.051376,0.186882,0.016811
GRID    ,     192,        ,0.102833,0.621393,0.044450
GRID    ,     193,        ,0.068566,0.663575,0.049803
GRID    ,     194,        ,0.051911,0.560352,0.036609
GRID    ,     195,        ,0.085700,0.642484,0.047126
GRID    ,     196,        ,0.034886,0.643844,0.042445
GRID    ,     197,        ,0.103043,0.746171,0.051207
GRID    ,     198,        ,0.152122,0.745576,0.041831
GRID    ,     199,        ,0.085804,0.704873,0.050505
GRID    ,     200,        ,0.152017,0.683187,0.038453
GRID    ,     201,        ,0.052233,0.747543,0.046306
GRID    ,     202,        ,0.102337,0.250886,0.024369
GRID    ,     203,        ,0.068133,0.333364,0.032307
GRID    ,     204,        ,0.051446,0.250297,0.020250
GRID    ,     205,        ,0.085235,0.292125,0.028338
GRID    ,     206,        ,0.034453,0.353937,0.027378
GRID    ,     207,        ,0.102551,0.375664,0.031126
GRID    ,     208,        ,0.151359,0.314638,0.017637
GRID    ,     209,        ,0.085342,0.354514,0.031716
GRID    ,     210,        ,0.151253,0.252249,0.014258
GRID    ,     211,        ,0.051770,0.437488,0.029947
GRID    ,     212,        ,0.135558,0.167163,0.014236
GRID    ,     213,        ,0.167730,0.146985,0.005539
GRID    ,     214,        ,0.118877,0.145610,0.015864
GRID    ,     215,        ,0.118948,0.209024,0.019303
GRID    ,     216,        ,0.102690,0.498529,0.037788
GRID    ,     217,        ,0.136172,0.580605,0.037130
GRID    ,     218,        ,0.051840,0.498920,0.033278
GRID    ,     219,        ,0.119431,0.539567,0.037459
GRID    ,     220,        ,0.119502,0.600999,0.040790
GRID    ,     221,        ,0.168557,0.601371,0.031255
GRID    ,     222,        ,0.151687,0.498912,0.028045
GRID    ,     223,        ,0.135957,0.416795,0.028054
GRID    ,     224,        ,0.119323,0.457662,0.032921
GRID    ,     225,        ,0.168191,0.396625,0.019640
GRID    ,     226,        ,0.119254,0.396230,0.029590
GRID    ,     227,        ,0.095232,0.997458,0.065682
GRID    ,     228,        ,0.068896,0.914564,0.063102
GRID    ,     229,        ,0.103194,0.873019,0.058083
GRID    ,     230,        ,0.148484,0.998044,0.056376
GRID    ,     231,        ,0.082064,0.956011,0.064392
GRID    ,     232,        ,0.086045,0.893792,0.060593
GRID    ,     233,        ,0.152465,0.935824,0.052576
GRID    ,     234,        ,0.035268,0.894168,0.055415
GRID    ,     235,        ,0.048545,0.998044,0.059866
GRID    ,     236,        ,0.052309,0.810967,0.049745
GRID    ,     237,        ,0.136574,0.830250,0.050948
GRID    ,     238,        ,0.119884,0.851635,0.054516
GRID    ,     239,        ,0.169021,0.851010,0.045354
GRID    ,     240,        ,0.119808,0.788210,0.051077
GRID    ,     241,        ,0.104306,1.247791,0.091059
GRID    ,     242,        ,0.070218,1.329840,0.102346
GRID    ,     243,        ,0.053538,1.247551,0.085615
GRID    ,     244,        ,0.087262,1.288816,0.096703
GRID    ,     245,        ,0.036721,1.350721,0.097786
GRID    ,     246,        ,0.104762,1.372080,0.104115
GRID    ,     247,        ,0.153712,1.311670,0.088860
GRID    ,     248,        ,0.087490,1.350960,0.103231
GRID    ,     249,        ,0.153484,1.249525,0.082332
GRID    ,     250,        ,0.054222,1.433985,0.105198
GRID    ,     251,        ,0.106579,1.867316,0.156134
GRID    ,     252,        ,0.072341,1.908611,0.163141
GRID    ,     253,        ,0.055586,1.805893,0.144263
GRID    ,     254,        ,0.089460,1.887963,0.159637
GRID    ,     255,        ,0.038695,1.888710,0.154297
GRID    ,     256,        ,0.098915,1.993151,0.170207
GRID    ,     257,        ,0.152149,1.993151,0.160871
GRID    ,     258,        ,0.085628,1.950881,0.166674
GRID    ,     259,        ,0.155981,1.930234,0.153834
GRID    ,     260,        ,0.052210,1.993151,0.164361
GRID    ,     261,        ,0.105659,1.616710,0.129811
GRID    ,     262,        ,0.071424,1.658646,0.136884
GRID    ,     263,        ,0.054670,1.556300,0.118046
GRID    ,     264,        ,0.088542,1.637678,0.133347
GRID    ,     265,        ,0.037780,1.639413,0.128111
GRID    ,     266,        ,0.106115,1.740999,0.142866
GRID    ,     267,        ,0.155286,1.740758,0.133932
GRID    ,     268,        ,0.088770,1.699822,0.139875
GRID    ,     269,        ,0.155058,1.678614,0.127404
GRID    ,     270,        ,0.055354,1.742734,0.137629
GRID    ,     271,        ,0.137463,1.164598,0.077700
GRID    ,     272,        ,0.120885,1.206194,0.084380
GRID    ,     273,        ,0.169831,1.144771,0.069019
GRID    ,     274,        ,0.103843,1.121476,0.077791
GRID    ,     275,        ,0.053306,1.184394,0.078981
GRID    ,     276,        ,0.120653,1.143037,0.077746
GRID    ,     277,        ,0.152789,1.060053,0.062430
GRID    ,     278,        ,0.138973,1.576296,0.120945
GRID    ,     279,        ,0.122316,1.596503,0.125378
GRID    ,     280,        ,0.171491,1.597250,0.116547
GRID    ,     281,        ,0.105211,1.494395,0.116963
GRID    ,     282,        ,0.054446,1.495143,0.111622
GRID    ,     283,        ,0.122092,1.535346,0.118954
GRID    ,     284,        ,0.154385,1.495142,0.108132
GRID    ,     285,        ,0.139885,1.824910,0.147059
GRID    ,     286,        ,0.123232,1.846113,0.151597
GRID    ,     287,        ,0.172403,1.845872,0.142662
GRID    ,     288,        ,0.123000,1.782955,0.144963
GRID    ,     289,        ,0.138375,1.413210,0.103814
GRID    ,     290,        ,0.170743,1.393392,0.095134
GRID    ,     291,        ,0.121569,1.392645,0.103964
GRID    ,     292,        ,0.121793,1.453803,0.110388
GRID    ,     293,        ,0.069301,1.079877,0.076090
GRID    ,     294,        ,0.035807,1.101424,0.071600
GRID    ,     295,        ,0.086572,1.100676,0.076941
GRID    ,     296,        ,0.082267,1.038667,0.070886
GRID    ,     297,        ,5.56e-04,-0.24971,0.016131
GRID    ,     298,        ,0.100025,-0.12519,-0.00337
GRID    ,     299,        ,0.133461,-0.16802,-0.00115
GRID    ,     300,        ,0.100316,-0.25202,0.003497
GRID    ,     301,        ,0.050290,-0.18745,0.006382
GRID    ,     302,        ,0.116743,-0.14660,-0.00226
GRID    ,     303,        ,0.116889,-0.21002,0.001175
GRID    ,     304,        ,0.050436,-0.25086,0.009814
GRID    ,     305,        ,0.199901,-0.12681,-0.00316
GRID    ,     306,        ,0.199768,-0.06340,-0.00681
GRID    ,     307,        ,0.166681,-0.14741,-0.00215
GRID    ,     308,        ,0.149830,-0.06259,-0.00692
GRID    ,     309,        ,0.200168,-0.25361,0.004147
GRID    ,     310,        ,0.150242,-0.25282,0.003822
GRID    ,     311,        ,0.200035,-0.19021,4.95e-04
GRID    ,     312,        ,9.89e-04,-0.49931,0.028768
GRID    ,     313,        ,0.100563,-0.37680,0.010250
GRID    ,     314,        ,0.133995,-0.41765,0.012655
GRID    ,     315,        ,0.100849,-0.49966,0.016900
GRID    ,     316,        ,0.050776,-0.43805,0.019509
GRID    ,     317,        ,0.117279,-0.39722,0.011453
GRID    ,     318,        ,0.117422,-0.45866,0.014777
GRID    ,     319,        ,0.050919,-0.49949,0.022834
GRID    ,     320,        ,0.200426,-0.37645,0.011225
GRID    ,     321,        ,0.200297,-0.31503,0.007686
GRID    ,     322,        ,0.167210,-0.39705,0.011940
GRID    ,     323,        ,0.150365,-0.31520,0.007199
GRID    ,     324,        ,0.200685,-0.49930,0.018302
GRID    ,     325,        ,0.150767,-0.49948,0.017601
GRID    ,     326,        ,0.200556,-0.43787,0.014763
GRID    ,     327,        ,0.134371,-0.58146,0.021712
GRID    ,     328,        ,0.101138,-0.62253,0.023549
GRID    ,     329,        ,0.117610,-0.54056,0.019306
GRID    ,     330,        ,0.117754,-0.60199,0.022631
GRID    ,     331,        ,0.051064,-0.56092,0.026159
GRID    ,     332,        ,0.200943,-0.62214,0.025379
GRID    ,     333,        ,0.200814,-0.56072,0.021840
GRID    ,     334,        ,0.167657,-0.60180,0.023545
GRID    ,     335,        ,0.201202,-0.74498,0.032456
GRID    ,     336,        ,0.151170,-0.68375,0.028003
GRID    ,     337,        ,0.201072,-0.68356,0.028917
GRID    ,     338,        ,3.39e-04,-0.12485,0.009809
GRID    ,     339,        ,0.066490,-0.08365,-0.00479
GRID    ,     340,        ,4.47e-04,-0.18728,0.012970
GRID    ,     341,        ,0.033415,-0.10425,0.002508
GRID    ,     342,        ,0.083257,-0.10442,-0.00408
GRID    ,     343,        ,0.079753,-0.04183,-0.00741
GRID    ,     344,        ,2.30e-04,-0.06243,0.006649
GRID    ,     345,        ,0.001423,-0.74891,0.041406
GRID    ,     346,        ,0.001206,-0.62411,0.035087
GRID    ,     347,        ,0.067745,-0.66484,0.025981
GRID    ,     348,        ,0.101381,-0.74731,0.030302
GRID    ,     349,        ,0.001315,-0.68651,0.038246
GRID    ,     350,        ,0.034475,-0.64448,0.030534
GRID    ,     351,        ,0.084563,-0.70607,0.028142
GRID    ,     352,        ,0.051402,-0.74811,0.035854
GRID    ,     353,        ,0.084441,-0.64368,0.024765
GRID    ,     354,        ,0.001098,-0.56171,0.031928
GRID    ,     355,        ,0.151291,-0.74614,0.031379
GRID    ,     356,        ,0.201735,-0.99863,0.047069
GRID    ,     357,        ,0.095119,-0.99918,0.043846
GRID    ,     358,        ,0.068284,-0.91583,0.039272
GRID    ,     359,        ,0.101684,-0.87415,0.037168
GRID    ,     360,        ,0.148427,-0.99890,0.045457
GRID    ,     361,        ,0.081701,-0.95750,0.041559
GRID    ,     362,        ,0.084984,-0.89499,0.038220
GRID    ,     363,        ,0.151710,-0.93639,0.042119
GRID    ,     364,        ,0.001857,-0.99863,0.054049
GRID    ,     365,        ,0.001640,-0.87377,0.047727
GRID    ,     366,        ,0.001748,-0.93620,0.050888
GRID    ,     367,        ,0.034962,-0.89480,0.043500
GRID    ,     368,        ,0.048488,-0.99890,0.048947
GRID    ,     369,        ,0.051554,-0.81153,0.039287
GRID    ,     370,        ,0.001532,-0.81134,0.044567
GRID    ,     371,        ,0.067026,-0.33463,0.008496
GRID    ,     372,        ,7.73e-04,-0.37451,0.022449
GRID    ,     373,        ,0.083671,-0.29332,0.005997
GRID    ,     374,        ,0.033899,-0.35457,0.015473
GRID    ,     375,        ,6.64e-04,-0.31211,0.019290
GRID    ,     376,        ,0.083794,-0.35571,0.009373
GRID    ,     377,        ,8.81e-04,-0.43691,0.025609
GRID    ,     378,        ,0.134907,-0.83111,0.035514
GRID    ,     379,        ,0.118144,-0.78921,0.032908
GRID    ,     380,        ,0.118296,-0.85263,0.036341
GRID    ,     381,        ,0.201468,-0.87177,0.039761
GRID    ,     382,        ,0.201335,-0.80838,0.036108
GRID    ,     383,        ,0.168188,-0.85144,0.037637
GRID    ,     384,        ,0.201602,-0.93520,0.043415
GRID    ,     385,        ,0.202198,-1.12494,0.060337
GRID    ,     386,        ,0.135864,-1.16621,0.062379
GRID    ,     387,        ,0.102378,-1.12366,0.057038
GRID    ,     388,        ,0.201967,-1.06179,0.053703
GRID    ,     389,        ,0.169031,-1.14558,0.061358
GRID    ,     390,        ,0.119121,-1.14494,0.059708
GRID    ,     391,        ,0.152057,-1.06115,0.052053
GRID    ,     392,        ,0.202662,-1.25126,0.073605
GRID    ,     393,        ,0.102842,-1.24998,0.070306
GRID    ,     394,        ,0.152752,-1.25062,0.071956
GRID    ,     395,        ,0.119353,-1.20809,0.066342
GRID    ,     396,        ,0.202430,-1.18810,0.066971
GRID    ,     397,        ,0.002769,-1.24731,0.080171
GRID    ,     398,        ,0.052574,-1.18549,0.068604
GRID    ,     399,        ,0.052805,-1.24864,0.075238
GRID    ,     400,        ,0.203559,-1.49589,0.099301
GRID    ,     401,        ,0.204008,-1.61820,0.112149
GRID    ,     402,        ,0.137374,-1.57791,0.105624
GRID    ,     403,        ,0.103746,-1.49658,0.096209
GRID    ,     404,        ,0.203783,-1.55705,0.105725
GRID    ,     405,        ,0.170691,-1.59806,0.108886
GRID    ,     406,        ,0.120560,-1.53725,0.100916
GRID    ,     407,        ,0.153653,-1.49623,0.097755
GRID    ,     408,        ,0.204456,-1.74052,0.124997
GRID    ,     409,        ,0.104195,-1.61890,0.109057
GRID    ,     410,        ,0.154326,-1.67971,0.117027
GRID    ,     411,        ,0.120784,-1.59840,0.107340
GRID    ,     412,        ,0.204232,-1.67936,0.118573
GRID    ,     413,        ,0.003681,-1.49589,0.106281
GRID    ,     414,        ,0.053714,-1.49624,0.101245
GRID    ,     415,        ,0.053938,-1.55739,0.107669
GRID    ,     416,        ,0.203110,-1.37357,0.086453
GRID    ,     417,        ,0.136776,-1.41483,0.088493
GRID    ,     418,        ,0.103298,-1.37427,0.083361
GRID    ,     419,        ,0.202886,-1.31242,0.080029
GRID    ,     420,        ,0.169943,-1.39420,0.087473
GRID    ,     421,        ,0.120037,-1.39455,0.085927
GRID    ,     422,        ,0.152980,-1.31276,0.078483
GRID    ,     423,        ,0.120261,-1.45570,0.092351
GRID    ,     424,        ,0.203335,-1.43473,0.092877
GRID    ,     425,        ,0.053489,-1.43508,0.094821
GRID    ,     426,        ,0.069674,-1.33233,0.078708
GRID    ,     427,        ,0.003225,-1.37160,0.093226
GRID    ,     428,        ,0.086258,-1.29115,0.074507
GRID    ,     429,        ,0.036450,-1.35196,0.085967
GRID    ,     430,        ,0.002997,-1.30946,0.086698
GRID    ,     431,        ,0.086486,-1.35330,0.081034
GRID    ,     432,        ,0.003453,-1.43375,0.099754
GRID    ,     433,        ,0.004593,-1.74447,0.132392
GRID    ,     434,        ,0.105114,-1.86950,0.135381
GRID    ,     435,        ,0.071797,-1.91110,0.139502
GRID    ,     436,        ,0.005049,-1.86881,0.145453
GRID    ,     437,        ,0.054853,-1.80699,0.133887
GRID    ,     438,        ,0.088456,-1.89030,0.137441
GRID    ,     439,        ,0.038423,-1.88995,0.142477
GRID    ,     440,        ,0.004821,-1.80664,0.138923
GRID    ,     441,        ,0.205383,-1.99315,0.151534
GRID    ,     442,        ,0.098788,-1.99315,0.148253
GRID    ,     443,        ,0.152085,-1.99315,0.149894
GRID    ,     444,        ,0.085292,-1.95212,0.143878
GRID    ,     445,        ,0.155249,-1.93133,0.143457
GRID    ,     446,        ,0.005505,-1.99315,0.158514
GRID    ,     447,        ,0.005277,-1.93098,0.151983
GRID    ,     448,        ,0.052146,-1.99315,0.153384
GRID    ,     449,        ,0.004137,-1.62018,0.119337
GRID    ,     450,        ,0.070880,-1.66113,0.113246
GRID    ,     451,        ,0.104651,-1.74318,0.122112
GRID    ,     452,        ,0.004365,-1.68232,0.125865
GRID    ,     453,        ,0.037509,-1.64066,0.116291
GRID    ,     454,        ,0.087766,-1.70216,0.117679
GRID    ,     455,        ,0.054622,-1.74383,0.127252
GRID    ,     456,        ,0.087538,-1.64001,0.111151
GRID    ,     457,        ,0.003909,-1.55804,0.112809
GRID    ,     458,        ,0.154554,-1.74185,0.123555
GRID    ,     459,        ,0.138286,-1.82653,0.131738
GRID    ,     460,        ,0.204920,-1.86683,0.138266
GRID    ,     461,        ,0.121700,-1.84801,0.133559
GRID    ,     462,        ,0.171603,-1.84668,0.135002
GRID    ,     463,        ,0.205151,-1.92999,0.144900
GRID    ,     464,        ,0.121468,-1.78486,0.126925
GRID    ,     465,        ,0.204688,-1.80368,0.131631
GRID    ,     466,        ,0.068757,-1.08236,0.052452
GRID    ,     467,        ,0.085568,-1.10301,0.054745
GRID    ,     468,        ,0.081938,-1.04077,0.048149
GRID    ,     469,        ,0.002313,-1.12297,0.067110
GRID    ,     470,        ,0.002541,-1.18514,0.073640
GRID    ,     471,        ,0.035535,-1.10267,0.059781
GRID    ,     472,        ,0.002085,-1.06080,0.060579
GRID    ,     473,        ,0.067807,-0.08239,0.019009
GRID    ,     474,        ,0.034073,-0.10362,0.014409
GRID    ,     475,        ,0.080858,-0.04119,0.015460
GRID    ,     476,        ,0.102197,-0.12406,0.017491
GRID    ,     477,        ,0.051376,-0.18688,0.016811
GRID    ,     478,        ,0.085002,-0.10322,0.018250
GRID    ,     479,        ,0.150916,-0.06203,0.003514
GRID    ,     480,        ,0.068566,-0.66357,0.049803
GRID    ,     481,        ,0.102833,-0.62139,0.044450
GRID    ,     482,        ,0.034886,-0.64384,0.042445
GRID    ,     483,        ,0.085700,-0.64248,0.047126
GRID    ,     484,        ,0.051911,-0.56035,0.036609
GRID    ,     485,        ,0.103043,-0.74617,0.051207
GRID    ,     486,        ,0.052233,-0.74754,0.046306
GRID    ,     487,        ,0.085804,-0.70487,0.050505
GRID    ,     488,        ,0.152017,-0.68319,0.038453
GRID    ,     489,        ,0.152122,-0.74558,0.041831
GRID    ,     490,        ,0.068133,-0.33336,0.032307
GRID    ,     491,        ,0.102337,-0.25089,0.024369
GRID    ,     492,        ,0.034453,-0.35394,0.027378
GRID    ,     493,        ,0.085235,-0.29212,0.028338
GRID    ,     494,        ,0.051446,-0.25030,0.020250
GRID    ,     495,        ,0.102551,-0.37566,0.031126
GRID    ,     496,        ,0.051770,-0.43749,0.029947
GRID    ,     497,        ,0.085342,-0.35451,0.031716
GRID    ,     498,        ,0.151253,-0.25225,0.014258
GRID    ,     499,        ,0.151359,-0.31464,0.017637
GRID    ,     500,        ,0.135558,-0.16716,0.014236
GRID    ,     501,        ,0.118877,-0.14561,0.015864
GRID    ,     502,        ,0.167730,-0.14698,0.005539
GRID    ,     503,        ,0.118948,-0.20902,0.019303
GRID    ,     504,        ,0.136172,-0.58060,0.037130
GRID    ,     505,        ,0.102690,-0.49853,0.037788
GRID    ,     506,        ,0.119502,-0.60100,0.040790
GRID    ,     507,        ,0.119431,-0.53957,0.037459
GRID    ,     508,        ,0.051840,-0.49892,0.033278
GRID    ,     509,        ,0.168557,-0.60137,0.031255
GRID    ,     510,        ,0.151687,-0.49891,0.028045
GRID    ,     511,        ,0.135957,-0.41680,0.028054
GRID    ,     512,        ,0.168191,-0.39662,0.019640
GRID    ,     513,        ,0.119323,-0.45766,0.032921
GRID    ,     514,        ,0.119254,-0.39623,0.029590
GRID    ,     515,        ,0.103194,-0.87302,0.058083
GRID    ,     516,        ,0.068896,-0.91456,0.063102
GRID    ,     517,        ,0.095232,-0.99746,0.065682
GRID    ,     518,        ,0.152465,-0.93582,0.052576
GRID    ,     519,        ,0.086045,-0.89379,0.060593
GRID    ,     520,        ,0.082064,-0.95601,0.064392
GRID    ,     521,        ,0.148484,-0.99804,0.056376
GRID    ,     522,        ,0.035268,-0.89417,0.055415
GRID    ,     523,        ,0.052309,-0.81097,0.049745
GRID    ,     524,        ,0.048545,-0.99804,0.059866
GRID    ,     525,        ,0.136574,-0.83025,0.050948
GRID    ,     526,        ,0.169021,-0.85101,0.045354
GRID    ,     527,        ,0.119884,-0.85163,0.054516
GRID    ,     528,        ,0.119808,-0.78821,0.051077
GRID    ,     529,        ,0.070218,-1.32984,0.102346
GRID    ,     530,        ,0.104306,-1.24779,0.091059
GRID    ,     531,        ,0.036721,-1.35072,0.097786
GRID    ,     532,        ,0.087262,-1.28882,0.096703
GRID    ,     533,        ,0.053538,-1.24755,0.085615
GRID    ,     534,        ,0.104762,-1.37208,0.104115
GRID    ,     535,        ,0.054222,-1.43399,0.105198
GRID    ,     536,        ,0.087490,-1.35096,0.103231
GRID    ,     537,        ,0.153484,-1.24953,0.082332
GRID    ,     538,        ,0.153712,-1.31167,0.088860
GRID    ,     539,        ,0.072341,-1.90861,0.163141
GRID    ,     540,        ,0.106579,-1.86732,0.156134
GRID    ,     541,        ,0.038695,-1.88871,0.154297
GRID    ,     542,        ,0.089460,-1.88796,0.159637
GRID    ,     543,        ,0.055586,-1.80589,0.144263
GRID    ,     544,        ,0.098915,-1.99315,0.170207
GRID    ,     545,        ,0.052210,-1.99315,0.164361
GRID    ,     546,        ,0.085628,-1.95088,0.166674
GRID    ,     547,        ,0.155981,-1.93023,0.153834
GRID    ,     548,        ,0.152149,-1.99315,0.160871
GRID    ,     549,        ,0.071424,-1.65865,0.136884
GRID    ,     550,        ,0.105659,-1.61671,0.129811
GRID    ,     551,        ,0.037780,-1.63941,0.128111
GRID    ,     552,        ,0.088542,-1.63768,0.133347
GRID    ,     553,        ,0.054670,-1.55630,0.118046
GRID    ,     554,        ,0.106115,-1.74100,0.142866
GRID    ,     555,        ,0.055354,-1.74273,0.137629
GRID    ,     556,        ,0.088770,-1.69982,0.139875
GRID    ,     557,        ,0.155058,-1.67861,0.127404
GRID    ,     558,        ,0.155286,-1.74076,0.133932
GRID    ,     559,        ,0.137463,-1.16460,0.077700
GRID    ,     560,        ,0.169831,-1.14477,0.069019
GRID    ,     561,        ,0.120885,-1.20619,0.084380
GRID    ,     562,        ,0.103843,-1.12148,0.077791
GRID    ,     563,        ,0.152789,-1.06005,0.062430
GRID    ,     564,        ,0.120653,-1.14304,0.077746
GRID    ,     565,        ,0.053306,-1.18439,0.078981
GRID    ,     566,        ,0.138973,-1.57630,0.120945
GRID    ,     567,        ,0.171491,-1.59725,0.116547
GRID    ,     568,        ,0.122316,-1.59650,0.125378
GRID    ,     569,        ,0.105211,-1.49440,0.116963
GRID    ,     570,        ,0.154385,-1.49514,0.108132
GRID    ,     571,        ,0.122092,-1.53535,0.118954
GRID    ,     572,        ,0.054446,-1.49514,0.111622
GRID    ,     573,        ,0.139885,-1.82491,0.147059
GRID    ,     574,        ,0.172403,-1.84587,0.142662
GRID    ,     575,        ,0.123232,-1.84611,0.151597
GRID    ,     576,        ,0.123000,-1.78295,0.144963
GRID    ,     577,        ,0.138375,-1.41321,0.103814
GRID    ,     578,        ,0.121569,-1.39265,0.103964
GRID    ,     579,        ,0.170743,-1.39339,0.095134
GRID    ,     580,        ,0.121793,-1.45380,0.110388
GRID    ,     581,        ,0.069301,-1.07988,0.076090
GRID    ,     582,        ,0.086572,-1.10068,0.076941
GRID    ,     583,        ,0.035807,-1.10142,0.071600
GRID    ,     584,        ,0.082267,-1.03867,0.070886

$Rib0 Gridpoints

$Rib1 Gridpoints

$Rib2 Gridpoints

$Rib3 Gridpoints

$Rib4 Gridpoints

$Rib5 Gridpoints

$Intersections

$Remainingnodes

$Skin
CQUAD8  ,     585,       1,       1,       2,       3,       4,       5,       6,
        ,       7,       8,        ,        ,        ,        ,88.94789
CQUAD8  ,     586,       1,       9,      10,       3,       2,      11,      12,
        ,       6,      13,        ,        ,        ,        ,179.9170
CQUAD8  ,     587,       1,      14,       4,       3,      10,      15,       7,
        ,      12,      16,        ,        ,        ,        ,-38.5853
CQUAD8  ,     588,       1,      17,      18,      19,      20,      21,      22,
        ,      23,      24,        ,        ,        ,        ,90.03939
CQUAD8  ,     589,       1,      25,      26,      19,      18,      27,      28,
        ,      22,      29,        ,        ,        ,        ,179.9170
CQUAD8  ,     590,       1,       9,      20,      19,      26,      30,      23,
        ,      28,      31,        ,        ,        ,        ,39.04729
CQUAD8  ,     591,       1,      17,      32,      33,      18,      34,      35,
        ,      36,      21,        ,        ,        ,        ,39.27893
CQUAD8  ,     592,       1,      37,      38,      33,      32,      39,      40,
        ,      35,      41,        ,        ,        ,        ,179.9170
CQUAD8  ,     593,       1,      25,      18,      33,      38,      29,      36,
        ,      40,      42,        ,        ,        ,        ,89.95680
CQUAD8  ,     594,       1,       1,       4,      43,      44,       8,      45,
        ,      46,      47,        ,        ,        ,        ,141.2140
CQUAD8  ,     595,       1,      14,      48,      43,       4,      49,      50,
        ,      45,      15,        ,        ,        ,        ,-90.1101
CQUAD8  ,     596,       1,      51,      44,      43,      48,      52,      46,
        ,      50,      53,        ,        ,        ,        ,0.081832
CQUAD8  ,     597,       1,      54,      55,      56,      57,      58,      59,
        ,      60,      61,        ,        ,        ,        ,91.12404
CQUAD8  ,     598,       1,      37,      32,      56,      55,      41,      62,
        ,      59,      63,        ,        ,        ,        ,140.9313
CQUAD8  ,     599,       1,      17,      57,      56,      32,      64,      60,
        ,      62,      34,        ,        ,        ,        ,0.085203
CQUAD8  ,     600,       1,      65,      66,      67,      68,      69,      70,
        ,      71,      72,        ,        ,        ,        ,141.3974
CQUAD8  ,     601,       1,      54,      73,      67,      66,      74,      75,
        ,      70,      76,        ,        ,        ,        ,0.085207
CQUAD8  ,     602,       1,      77,      68,      67,      73,      78,      71,
        ,      75,      79,        ,        ,        ,        ,89.87067
CQUAD8  ,     603,       1,       1,      80,      81,       2,      82,      83,
        ,      84,       5,        ,        ,        ,        ,0.085174
CQUAD8  ,     604,       1,      17,      20,      81,      80,      24,      85,
        ,      83,      86,        ,        ,        ,        ,140.7532
CQUAD8  ,     605,       1,       9,       2,      81,      20,      13,      84,
        ,      85,      30,        ,        ,        ,        ,91.05554
CQUAD8  ,     606,       1,      54,      66,      87,      55,      76,      88,
        ,      89,      58,        ,        ,        ,        ,38.81271
CQUAD8  ,     607,       1,      65,      90,      87,      66,      91,      92,
        ,      88,      69,        ,        ,        ,        ,179.9170
CQUAD8  ,     608,       1,      37,      55,      87,      90,      63,      89,
        ,      92,      93,        ,        ,        ,        ,88.85881
CQUAD8  ,     609,       1,      65,      94,      95,      96,      97,      98,
        ,      99,     100,        ,        ,        ,        ,38.61575
CQUAD8  ,     610,       1,     101,     102,      95,      94,     103,     104,
        ,      98,     105,        ,        ,        ,        ,88.86948
CQUAD8  ,     611,       1,     106,      96,      95,     102,     107,      99,
        ,     104,     108,        ,        ,        ,        ,-180.000
CQUAD8  ,     612,       1,     109,     110,     111,     112,     113,     114,
        ,     115,     116,        ,        ,        ,        ,89.99941
CQUAD8  ,     613,       1,     117,     118,     111,     110,     119,     120,
        ,     114,     121,        ,        ,        ,        ,39.27470
CQUAD8  ,     614,       1,     122,     112,     111,     118,     123,     115,
        ,     120,     124,        ,        ,        ,        ,-180.000
CQUAD8  ,     615,       1,     106,     125,     126,     127,     128,     129,
        ,     130,     131,        ,        ,        ,        ,39.07541
CQUAD8  ,     616,       1,     117,     110,     126,     125,     121,     132,
        ,     129,     133,        ,        ,        ,        ,90.00059
CQUAD8  ,     617,       1,     109,     127,     126,     110,     134,     130,
        ,     132,     113,        ,        ,        ,        ,180.0000
CQUAD8  ,     618,       1,     101,     135,     136,     102,     137,     138,
        ,     139,     103,        ,        ,        ,        , 0.0e+00
CQUAD8  ,     619,       1,     117,     125,     136,     135,     133,     140,
        ,     138,     141,        ,        ,        ,        ,140.7258
CQUAD8  ,     620,       1,     106,     102,     136,     125,     108,     139,
        ,     140,     128,        ,        ,        ,        ,91.13855
CQUAD8  ,     621,       1,     142,     143,     144,     145,     146,     147,
        ,     148,     149,        ,        ,        ,        ,-0.0e+00
CQUAD8  ,     622,       1,     150,     151,     144,     143,     152,     153,
        ,     147,     154,        ,        ,        ,        ,90.44665
CQUAD8  ,     623,       1,     155,     145,     144,     151,     156,     148,
        ,     153,     157,        ,        ,        ,        ,141.3842
CQUAD8  ,     624,       1,     142,     158,     159,     160,     161,     162,
        ,     163,     164,        ,        ,        ,        ,91.13169
CQUAD8  ,     625,       1,     122,     118,     159,     158,     124,     165,
        ,     162,     166,        ,        ,        ,        ,140.9241
CQUAD8  ,     626,       1,     117,     160,     159,     118,     167,     163,
        ,     165,     119,        ,        ,        ,        ,-0.0e+00
CQUAD8  ,     627,       1,     155,     168,     169,     145,     170,     171,
        ,     172,     156,        ,        ,        ,        ,180.0000
CQUAD8  ,     628,       1,     122,     158,     169,     168,     166,     173,
        ,     171,     174,        ,        ,        ,        ,88.86027
CQUAD8  ,     629,       1,     142,     145,     169,     158,     149,     172,
        ,     173,     161,        ,        ,        ,        ,38.81388
CQUAD8  ,     630,       1,      65,      68,     175,      94,      72,     176,
        ,     177,      97,        ,        ,        ,        ,90.09792
CQUAD8  ,     631,       1,      77,     178,     175,      68,     179,     180,
        ,     176,      78,        ,        ,        ,        , 0.0e+00
CQUAD8  ,     632,       1,     101,      94,     175,     178,     105,     177,
        ,     180,     181,        ,        ,        ,        ,141.1861
CQUAD8  ,     633,       1,      51,     182,     183,      44,     184,     185,
        ,     186,      52,        ,        ,        ,        ,-89.6593
CQUAD8  ,     634,       1,      14,     187,     183,     182,     188,     189,
        ,     185,     190,        ,        ,        ,        ,-38.5716
CQUAD8  ,     635,       1,       1,      44,     183,     187,      47,     186,
        ,     189,     191,        ,        ,        ,        ,-179.913
CQUAD8  ,     636,       1,      17,     192,     193,      57,     194,     195,
        ,     196,      64,        ,        ,        ,        ,-39.7290
CQUAD8  ,     637,       1,      37,     197,     193,     192,     198,     199,
        ,     195,     200,        ,        ,        ,        ,-88.8148
CQUAD8  ,     638,       1,      54,      57,     193,     197,      61,     196,
        ,     199,     201,        ,        ,        ,        ,-179.913
CQUAD8  ,     639,       1,       1,     202,     203,      80,     204,     205,
        ,     206,      82,        ,        ,        ,        ,-89.0253
CQUAD8  ,     640,       1,       9,     207,     203,     202,     208,     209,
        ,     205,     210,        ,        ,        ,        ,-39.0326
CQUAD8  ,     641,       1,      17,      80,     203,     207,      86,     206,
        ,     209,     211,        ,        ,        ,        ,-179.913
CQUAD8  ,     642,       1,      14,      10,     212,     187,      16,     213,
        ,     214,     188,        ,        ,        ,        ,-0.08290
CQUAD8  ,     643,       1,       9,     202,     212,      10,     210,     215,
        ,     213,      11,        ,        ,        ,        ,-91.0088
CQUAD8  ,     644,       1,       1,     187,     212,     202,     191,     214,
        ,     215,     204,        ,        ,        ,        ,-140.808
CQUAD8  ,     645,       1,      17,     216,     217,     192,     218,     219,
        ,     220,     194,        ,        ,        ,        ,-90.0904
CQUAD8  ,     646,       1,      25,      38,     217,     216,      42,     221,
        ,     219,     222,        ,        ,        ,        ,-0.08295
CQUAD8  ,     647,       1,      37,     192,     217,      38,     200,     220,
        ,     221,      39,        ,        ,        ,        ,-140.876
CQUAD8  ,     648,       1,      25,     216,     223,      26,     222,     224,
        ,     225,      27,        ,        ,        ,        ,-89.9115
CQUAD8  ,     649,       1,      17,     207,     223,     216,     211,     226,
        ,     224,     218,        ,        ,        ,        ,-140.345
CQUAD8  ,     650,       1,       9,      26,     223,     207,      31,     225,
        ,     226,     208,        ,        ,        ,        ,-0.08290
CQUAD8  ,     651,       1,      65,     227,     228,     229,     230,     231,
        ,     232,     233,        ,        ,        ,        ,-90.1653
CQUAD8  ,     652,       1,      77,      73,     228,     227,      79,     234,
        ,     231,     235,        ,        ,        ,        ,-179.917
CQUAD8  ,     653,       1,      54,     229,     228,      73,     236,     232,
        ,     234,      74,        ,        ,        ,        ,-39.2615
CQUAD8  ,     654,       1,      65,     229,     237,      90,     233,     238,
        ,     239,      91,        ,        ,        ,        ,-141.344
CQUAD8  ,     655,       1,      54,     197,     237,     229,     201,     240,
        ,     238,     236,        ,        ,        ,        ,-91.1654
CQUAD8  ,     656,       1,      37,      90,     237,     197,      93,     239,
        ,     240,     198,        ,        ,        ,        ,-0.08295
CQUAD8  ,     657,       1,     101,     241,     242,     135,     243,     244,
        ,     245,     137,        ,        ,        ,        ,-88.8864
CQUAD8  ,     658,       1,     106,     246,     242,     241,     247,     248,
        ,     244,     249,        ,        ,        ,        ,-39.0949
CQUAD8  ,     659,       1,     117,     135,     242,     246,     141,     245,
        ,     248,     250,        ,        ,        ,        ,180.0000
CQUAD8  ,     660,       1,     142,     251,     252,     143,     253,     254,
        ,     255,     146,        ,        ,        ,        ,-39.2364
CQUAD8  ,     661,       1,     155,     256,     252,     251,     257,     258,
        ,     254,     259,        ,        ,        ,        ,-89.1719
CQUAD8  ,     662,       1,     150,     143,     252,     256,     154,     255,
        ,     258,     260,        ,        ,        ,        ,-180.000
CQUAD8  ,     663,       1,     117,     261,     262,     160,     263,     264,
        ,     265,     167,        ,        ,        ,        ,-39.6986
CQUAD8  ,     664,       1,     122,     266,     262,     261,     267,     268,
        ,     264,     269,        ,        ,        ,        ,-88.8611
CQUAD8  ,     665,       1,     142,     160,     262,     266,     164,     265,
        ,     268,     270,        ,        ,        ,        ,-180.000
CQUAD8  ,     666,       1,     106,     241,     271,      96,     249,     272,
        ,     273,     107,        ,        ,        ,        ,-91.1378
CQUAD8  ,     667,       1,     101,     274,     271,     241,     275,     276,
        ,     272,     243,        ,        ,        ,        ,-140.764
CQUAD8  ,     668,       1,      65,      96,     271,     274,     100,     273,
        ,     276,     277,        ,        ,        ,        ,-0.0e+00
CQUAD8  ,     669,       1,     122,     261,     278,     112,     269,     279,
        ,     280,     123,        ,        ,        ,        ,-140.905
CQUAD8  ,     670,       1,     117,     281,     278,     261,     282,     283,
        ,     279,     263,        ,        ,        ,        ,-90.0006
CQUAD8  ,     671,       1,     109,     112,     278,     281,     116,     280,
        ,     283,     284,        ,        ,        ,        , 0.0e+00
CQUAD8  ,     672,       1,     155,     251,     285,     168,     259,     286,
        ,     287,     170,        ,        ,        ,        ,-141.365
CQUAD8  ,     673,       1,     142,     266,     285,     251,     270,     288,
        ,     286,     253,        ,        ,        ,        ,-91.1148
CQUAD8  ,     674,       1,     122,     168,     285,     266,     174,     287,
        ,     288,     267,        ,        ,        ,        ,-0.0e+00
CQUAD8  ,     675,       1,     106,     127,     289,     246,     131,     290,
        ,     291,     247,        ,        ,        ,        ,-0.0e+00
CQUAD8  ,     676,       1,     109,     281,     289,     127,     284,     292,
        ,     290,     134,        ,        ,        ,        ,-89.9994
CQUAD8  ,     677,       1,     117,     246,     289,     281,     250,     291,
        ,     292,     282,        ,        ,        ,        ,-140.302
CQUAD8  ,     678,       1,     101,     178,     293,     274,     181,     294,
        ,     295,     275,        ,        ,        ,        ,180.0000
CQUAD8  ,     679,       1,      77,     227,     293,     178,     235,     296,
        ,     294,     179,        ,        ,        ,        ,-89.7620
CQUAD8  ,     680,       1,      65,     274,     293,     227,     277,     295,
        ,     296,     230,        ,        ,        ,        ,-38.6352
CQUAD8  ,     681,       1,     297,     298,     299,     300,     301,     302,
        ,     303,     304,        ,        ,        ,        ,-141.222
CQUAD8  ,     682,       1,      14,     305,     299,     298,     306,     307,
        ,     302,     308,        ,        ,        ,        ,0.083046
CQUAD8  ,     683,       1,     309,     300,     299,     305,     310,     303,
        ,     307,     311,        ,        ,        ,        ,-91.0548
CQUAD8  ,     684,       1,     312,     313,     314,     315,     316,     317,
        ,     318,     319,        ,        ,        ,        ,-140.761
CQUAD8  ,     685,       1,     309,     320,     314,     313,     321,     322,
        ,     317,     323,        ,        ,        ,        ,0.083050
CQUAD8  ,     686,       1,     324,     315,     314,     320,     325,     318,
        ,     322,     326,        ,        ,        ,        ,-89.9568
CQUAD8  ,     687,       1,     312,     315,     327,     328,     319,     329,
        ,     330,     331,        ,        ,        ,        ,-90.0394
CQUAD8  ,     688,       1,     324,     332,     327,     315,     333,     334,
        ,     329,     325,        ,        ,        ,        ,0.083027
CQUAD8  ,     689,       1,     335,     328,     327,     332,     336,     330,
        ,     334,     337,        ,        ,        ,        ,-140.932
CQUAD8  ,     690,       1,     297,     338,     339,     298,     340,     341,
        ,     342,     301,        ,        ,        ,        ,179.9148
CQUAD8  ,     691,       1,      51,      48,     339,     338,      53,     343,
        ,     341,     344,        ,        ,        ,        ,-90.3091
CQUAD8  ,     692,       1,      14,     298,     339,      48,     308,     342,
        ,     343,      49,        ,        ,        ,        ,38.58667
CQUAD8  ,     693,       1,     345,     346,     347,     348,     349,     350,
        ,     351,     352,        ,        ,        ,        ,179.9148
CQUAD8  ,     694,       1,     312,     328,     347,     346,     331,     353,
        ,     350,     354,        ,        ,        ,        ,-39.2715
CQUAD8  ,     695,       1,     335,     348,     347,     328,     355,     351,
        ,     353,     336,        ,        ,        ,        ,-88.8581
CQUAD8  ,     696,       1,     356,     357,     358,     359,     360,     361,
        ,     362,     363,        ,        ,        ,        ,-89.9244
CQUAD8  ,     697,       1,     364,     365,     358,     357,     366,     367,
        ,     361,     368,        ,        ,        ,        ,179.9182
CQUAD8  ,     698,       1,     345,     359,     358,     365,     369,     362,
        ,     367,     370,        ,        ,        ,        ,-38.8060
CQUAD8  ,     699,       1,     297,     300,     371,     372,     304,     373,
        ,     374,     375,        ,        ,        ,        ,-88.9396
CQUAD8  ,     700,       1,     309,     313,     371,     300,     323,     376,
        ,     373,     310,        ,        ,        ,        ,-39.0478
CQUAD8  ,     701,       1,     312,     372,     371,     313,     377,     374,
        ,     376,     316,        ,        ,        ,        ,179.9148
CQUAD8  ,     702,       1,     345,     348,     378,     359,     352,     379,
        ,     380,     369,        ,        ,        ,        ,-91.1309
CQUAD8  ,     703,       1,     335,     381,     378,     348,     382,     383,
        ,     379,     355,        ,        ,        ,        ,0.083026
CQUAD8  ,     704,       1,     356,     359,     378,     381,     363,     380,
        ,     383,     384,        ,        ,        ,        ,-141.399
CQUAD8  ,     705,       1,     356,     385,     386,     387,     388,     389,
        ,     390,     391,        ,        ,        ,        , 0.0e+00
CQUAD8  ,     706,       1,     392,     393,     386,     385,     394,     395,
        ,     389,     396,        ,        ,        ,        ,-91.1386
CQUAD8  ,     707,       1,     397,     387,     386,     393,     398,     390,
        ,     395,     399,        ,        ,        ,        ,-141.186
CQUAD8  ,     708,       1,     400,     401,     402,     403,     404,     405,
        ,     406,     407,        ,        ,        ,        ,-0.0e+00
CQUAD8  ,     709,       1,     408,     409,     402,     401,     410,     411,
        ,     405,     412,        ,        ,        ,        ,-140.924
CQUAD8  ,     710,       1,     413,     403,     402,     409,     414,     406,
        ,     411,     415,        ,        ,        ,        ,-90.0006
CQUAD8  ,     711,       1,     392,     416,     417,     418,     419,     420,
        ,     421,     422,        ,        ,        ,        , 0.0e+00
CQUAD8  ,     712,       1,     400,     403,     417,     416,     407,     423,
        ,     420,     424,        ,        ,        ,        ,-89.9994
CQUAD8  ,     713,       1,     413,     418,     417,     403,     425,     421,
        ,     423,     414,        ,        ,        ,        ,-140.726
CQUAD8  ,     714,       1,     397,     393,     426,     427,     399,     428,
        ,     429,     430,        ,        ,        ,        ,-88.8695
CQUAD8  ,     715,       1,     392,     418,     426,     393,     422,     431,
        ,     428,     394,        ,        ,        ,        ,-39.0754
CQUAD8  ,     716,       1,     413,     427,     426,     418,     432,     429,
        ,     431,     425,        ,        ,        ,        ,-180.000
CQUAD8  ,     717,       1,     433,     434,     435,     436,     437,     438,
        ,     439,     440,        ,        ,        ,        ,-38.8139
CQUAD8  ,     718,       1,     441,     442,     435,     434,     443,     444,
        ,     438,     445,        ,        ,        ,        ,-90.3930
CQUAD8  ,     719,       1,     446,     436,     435,     442,     447,     439,
        ,     444,     448,        ,        ,        ,        ,180.0000
CQUAD8  ,     720,       1,     433,     449,     450,     451,     452,     453,
        ,     454,     455,        ,        ,        ,        ,180.0000
CQUAD8  ,     721,       1,     413,     409,     450,     449,     415,     456,
        ,     453,     457,        ,        ,        ,        ,-39.2747
CQUAD8  ,     722,       1,     408,     451,     450,     409,     458,     454,
        ,     456,     410,        ,        ,        ,        ,-88.8603
CQUAD8  ,     723,       1,     441,     434,     459,     460,     445,     461,
        ,     462,     463,        ,        ,        ,        ,-141.384
CQUAD8  ,     724,       1,     433,     451,     459,     434,     455,     464,
        ,     461,     437,        ,        ,        ,        ,-91.1317
CQUAD8  ,     725,       1,     408,     460,     459,     451,     465,     462,
        ,     464,     458,        ,        ,        ,        , 0.0e+00
CQUAD8  ,     726,       1,     356,     387,     466,     357,     391,     467,
        ,     468,     360,        ,        ,        ,        ,-38.6158
CQUAD8  ,     727,       1,     397,     469,     466,     387,     470,     471,
        ,     467,     398,        ,        ,        ,        ,-180.000
CQUAD8  ,     728,       1,     364,     357,     466,     469,     368,     468,
        ,     471,     472,        ,        ,        ,        ,-90.1113
CQUAD8  ,     729,       1,      51,     338,     473,     182,     344,     474,
        ,     475,     184,        ,        ,        ,        ,-0.08339
CQUAD8  ,     730,       1,     297,     476,     473,     338,     477,     478,
        ,     474,     340,        ,        ,        ,        ,140.8176
CQUAD8  ,     731,       1,      14,     182,     473,     476,     190,     475,
        ,     478,     479,        ,        ,        ,        ,89.43575
CQUAD8  ,     732,       1,     312,     346,     480,     481,     354,     482,
        ,     483,     484,        ,        ,        ,        ,-0.08739
CQUAD8  ,     733,       1,     345,     485,     480,     346,     486,     487,
        ,     482,     349,        ,        ,        ,        ,91.17677
CQUAD8  ,     734,       1,     335,     481,     480,     485,     488,     483,
        ,     487,     489,        ,        ,        ,        ,140.8769
CQUAD8  ,     735,       1,     297,     372,     490,     491,     375,     492,
        ,     493,     494,        ,        ,        ,        ,-0.08741
CQUAD8  ,     736,       1,     312,     495,     490,     372,     496,     497,
        ,     492,     377,        ,        ,        ,        ,140.3560
CQUAD8  ,     737,       1,     309,     491,     490,     495,     498,     493,
        ,     497,     499,        ,        ,        ,        ,91.01069
CQUAD8  ,     738,       1,      14,     476,     500,     305,     479,     501,
        ,     502,     306,        ,        ,        ,        ,38.56890
CQUAD8  ,     739,       1,     297,     491,     500,     476,     494,     503,
        ,     501,     477,        ,        ,        ,        ,89.01536
CQUAD8  ,     740,       1,     309,     305,     500,     491,     311,     502,
        ,     503,     498,        ,        ,        ,        ,-179.917
CQUAD8  ,     741,       1,     312,     481,     504,     505,     484,     506,
        ,     507,     508,        ,        ,        ,        ,39.71819
CQUAD8  ,     742,       1,     335,     332,     504,     481,     337,     509,
        ,     506,     488,        ,        ,        ,        ,-179.917
CQUAD8  ,     743,       1,     324,     505,     504,     332,     510,     507,
        ,     509,     333,        ,        ,        ,        ,89.91152
CQUAD8  ,     744,       1,     324,     320,     511,     505,     326,     512,
        ,     513,     510,        ,        ,        ,        ,-179.917
CQUAD8  ,     745,       1,     309,     495,     511,     320,     499,     514,
        ,     512,     321,        ,        ,        ,        ,39.03081
CQUAD8  ,     746,       1,     312,     505,     511,     495,     508,     513,
        ,     514,     496,        ,        ,        ,        ,90.09041
CQUAD8  ,     747,       1,     356,     515,     516,     517,     518,     519,
        ,     520,     521,        ,        ,        ,        ,141.3435
CQUAD8  ,     748,       1,     345,     365,     516,     515,     370,     522,
        ,     519,     523,        ,        ,        ,        ,-0.08739
CQUAD8  ,     749,       1,     364,     517,     516,     365,     524,     520,
        ,     522,     366,        ,        ,        ,        ,90.27018
CQUAD8  ,     750,       1,     356,     381,     525,     515,     384,     526,
        ,     527,     518,        ,        ,        ,        ,-179.917
CQUAD8  ,     751,       1,     335,     485,     525,     381,     489,     528,
        ,     526,     382,        ,        ,        ,        ,88.81431
CQUAD8  ,     752,       1,     345,     515,     525,     485,     523,     527,
        ,     528,     486,        ,        ,        ,        ,39.25001
CQUAD8  ,     753,       1,     397,     427,     529,     530,     430,     531,
        ,     532,     533,        ,        ,        ,        ,-0.0e+00
CQUAD8  ,     754,       1,     413,     534,     529,     427,     535,     536,
        ,     531,     432,        ,        ,        ,        ,140.3018
CQUAD8  ,     755,       1,     392,     530,     529,     534,     537,     532,
        ,     536,     538,        ,        ,        ,        ,91.13776
CQUAD8  ,     756,       1,     433,     436,     539,     540,     440,     541,
        ,     542,     543,        ,        ,        ,        , 0.0e+00
CQUAD8  ,     757,       1,     446,     544,     539,     436,     545,     546,
        ,     541,     447,        ,        ,        ,        ,89.04909
CQUAD8  ,     758,       1,     441,     540,     539,     544,     547,     542,
        ,     546,     548,        ,        ,        ,        ,141.3648
CQUAD8  ,     759,       1,     413,     449,     549,     550,     457,     551,
        ,     552,     553,        ,        ,        ,        , 0.0e+00
CQUAD8  ,     760,       1,     433,     554,     549,     449,     555,     556,
        ,     551,     452,        ,        ,        ,        ,91.11476
CQUAD8  ,     761,       1,     408,     550,     549,     554,     557,     552,
        ,     556,     558,        ,        ,        ,        ,140.9046
CQUAD8  ,     762,       1,     392,     385,     559,     530,     396,     560,
        ,     561,     537,        ,        ,        ,        ,180.0000
CQUAD8  ,     763,       1,     356,     562,     559,     385,     563,     564,
        ,     560,     388,        ,        ,        ,        ,38.63520
CQUAD8  ,     764,       1,     397,     530,     559,     562,     533,     561,
        ,     564,     565,        ,        ,        ,        ,88.88640
CQUAD8  ,     765,       1,     408,     401,     566,     550,     412,     567,
        ,     568,     557,        ,        ,        ,        ,180.0000
CQUAD8  ,     766,       1,     400,     569,     566,     401,     570,     571,
        ,     567,     404,        ,        ,        ,        ,89.99941
CQUAD8  ,     767,       1,     413,     550,     566,     569,     553,     568,
        ,     571,     572,        ,        ,        ,        ,39.69863
CQUAD8  ,     768,       1,     441,     460,     573,     540,     463,     574,
        ,     575,     547,        ,        ,        ,        ,-180.000
CQUAD8  ,     769,       1,     408,     554,     573,     460,     558,     576,
        ,     574,     465,        ,        ,        ,        ,88.86106
CQUAD8  ,     770,       1,     433,     540,     573,     554,     543,     575,
        ,     576,     555,        ,        ,        ,        ,39.23643
CQUAD8  ,     771,       1,     392,     534,     577,     416,     538,     578,
        ,     579,     419,        ,        ,        ,        ,39.09494
CQUAD8  ,     772,       1,     413,     569,     577,     534,     572,     580,
        ,     578,     535,        ,        ,        ,        ,90.00058
CQUAD8  ,     773,       1,     400,     416,     577,     569,     424,     579,
        ,     580,     570,        ,        ,        ,        ,-180.000
CQUAD8  ,     774,       1,     397,     562,     581,     469,     565,     582,
        ,     583,     470,        ,        ,        ,        ,140.7636
CQUAD8  ,     775,       1,     356,     517,     581,     562,     521,     584,
        ,     582,     563,        ,        ,        ,        ,89.79288
CQUAD8  ,     776,       1,     364,     469,     581,     517,     472,     583,
        ,     584,     524,        ,        ,        ,        ,-0.0e+00

$Rib0

$Rib1

$Rib2

$Rib3

$Rib4

$Rib5

$Properties
$ DefaultShell using Aluminum 7075-T6
PSHELL  ,       1,       1,0.030480,      -1,        ,        ,        ,        ,
        ,        ,        ,        
$ DefaultBeam using Aluminum 7075-T6
PBAR    ,       2,       1,0.009290,8.63e-04,8.63e-04, 0.0e+00,        ,        ,
        ,        ,        ,        ,        ,        ,        ,        ,        ,
        ,        ,        , 0.0e+00
$ DefaultShell using Aluminum 7075-T6
PSHELL  ,       3,       1,0.030480,      -1,        ,        ,        ,        ,
        ,        ,        ,        
$ DefaultBeam using Aluminum 7075-T6
PBAR    ,       4,       1,0.009290,8.63e-04,8.63e-04, 0.0e+00,        ,        ,
        ,        ,        ,        ,        ,        ,        ,        ,        ,
        ,        ,        , 0.0e+00
$ DefaultShell using Aluminum 7075-T6
PSHELL  ,       5,       1,0.030480,      -1,        ,        ,        ,        ,
        ,        ,        ,        
$ DefaultBeam using Aluminum 7075-T6
PBAR    ,       6,       1,0.009290,8.63e-04,8.63e-04, 0.0e+00,        ,        ,
        ,        ,        ,        ,        ,        ,        ,        ,        ,
        ,        ,        , 0.0e+00
$ DefaultShell using Aluminum 7075-T6
PSHELL  ,       7,       1,0.030480,      -1,        ,        ,        ,        ,
        ,        ,        ,        
$ DefaultBeam using Aluminum 7075-T6
PBAR    ,       8,       1,0.009290,8.63e-04,8.63e-04, 0.0e+00,        ,        ,
        ,        ,        ,        ,        ,        ,        ,        ,        ,
        ,        ,        , 0.0e+00
$ DefaultShell using Aluminum 7075-T6
PSHELL  ,       9,       1,0.030480,      -1,        ,        ,        ,        ,
        ,        ,        ,        
$ DefaultBeam using Aluminum 7075-T6
PBAR    ,      10,       1,0.009290,8.63e-04,8.63e-04, 0.0e+00,        ,        ,
        ,        ,        ,        ,        ,        ,        ,        ,        ,
        ,        ,        , 0.0e+00
$ DefaultShell using Aluminum 7075-T6
PSHELL  ,      11,       1,0.030480,      -1,        ,        ,        ,        ,
        ,        ,        ,        
$ DefaultBeam using Aluminum 7075-T6
PBAR    ,      12,       1,0.009290,8.63e-04,8.63e-04, 0.0e+00,        ,        ,
        ,        ,        ,        ,        ,        ,        ,        ,        ,
        ,        ,        , 0.0e+00
$ DefaultShell using Aluminum 7075-T6
PSHELL  ,      13,       1,0.030480,      -1,        ,        ,        ,        ,
        ,        ,        ,        
$ DefaultBeam using Aluminum 7075-T6
PBAR    ,      14,       1,0.009290,8.63e-04,8.63e-04, 0.0e+00,        ,        ,
        ,        ,        ,        ,        ,        ,        ,        ,        ,
        ,        ,        , 0.0e+00
$ DefaultShell using Aluminum 7075-T6
PSHELL  ,      15,       1,0.030480,      -1,        ,        ,        ,        ,
        ,        ,        ,        
$ DefaultBeam using Aluminum 7075-T6
PBAR    ,      16,       1,0.009290,8.63e-04,8.63e-04, 0.0e+00,        ,        ,
        ,        ,        ,        ,        ,        ,        ,        ,        ,
        ,        ,        , 0.0e+00

$Materials
$ Aluminum 7075-T6
MAT1    ,       1,7.17e+10,2.70e+10,0.330000,2810.000,2.36e-05


ENDDATA
