2 0.000000 100.000000 5791.461216
340 268 
1 -100.000000 0.000000 -100.191006 99.614294 0.000000 8.716200 0.000102 
2 103.995437 0.000000 -100.191006 99.616243 0.000003 8.684999 0.000118 
3 103.995437 0.000000 100.000000 99.628191 0.000000 8.671916 -0.000098 
4 -100.000000 0.000000 100.000000 99.625527 -0.000000 8.715853 -0.000121 
5 1.997718 0.000000 -0.095503 99.245959 -0.000039 -4.743652 0.012774 
6 -100.000000 0.000000 -0.095503 99.620186 0.000000 8.722572 -0.000026 
7 1.997718 0.000000 -100.191006 99.604924 0.000002 8.698830 0.000319 
8 103.995437 0.000000 -0.095503 99.825719 0.000020 6.342552 -0.000540 
9 1.997718 0.000000 100.000000 99.637128 0.000000 8.695797 -0.000317 
10 52.996578 0.000000 -50.143254 99.607481 0.000005 8.588041 0.000460 
11 1.997718 0.000000 -50.143254 99.562327 0.000003 8.643805 0.001263 
12 52.996578 0.000000 -100.191006 99.610291 0.000002 8.687060 0.000232 
13 103.995437 0.000000 -50.143254 99.622398 0.000007 8.610048 0.000124 
14 52.996578 0.000000 -0.095503 100.008610 -0.000241 4.205165 -0.001941 
15 -49.001141 0.000000 -50.143254 99.598559 0.000001 8.716539 0.000415 
16 -100.000000 0.000000 -50.143254 99.614447 0.000000 8.719610 0.000093 
17 -49.001141 0.000000 -100.191006 99.608795 0.000001 8.711890 0.000219 
18 -49.001141 0.000000 -0.095503 99.622350 0.000002 8.741839 -0.000103 
19 52.996578 0.000000 49.952249 99.654342 0.000008 8.535060 -0.000384 
20 1.997718 0.000000 49.952249 99.689584 0.000004 8.631540 -0.001252 
21 103.995437 0.000000 49.952249 99.641892 0.000006 8.508712 -0.000090 
22 52.996578 0.000000 100.000000 99.633216 0.000000 8.679772 -0.000212 
23 27.497148 0.000000 -25.119379 99.574367 0.000015 8.223468 0.001732 
24 1.997718 0.000000 -25.119379 99.401264 0.000009 8.430387 0.004832 
25 27.497148 0.000000 -50.143254 99.584146 0.000005 8.596542 0.000910 
26 52.996578 0.000000 -25.119379 99.632030 0.000018 8.291937 0.000470 
27 27.497148 0.000000 -0.095503 100.035407 -0.000424 3.714210 -0.002088 
28 -49.001141 0.000000 49.952249 99.644066 0.000001 8.715141 -0.000489 
29 -100.000000 0.000000 49.952249 99.625727 0.000000 8.719339 -0.000131 
30 -49.001141 0.000000 100.000000 99.631833 0.000000 8.710891 -0.000238 
31 -23.501711 0.000000 -25.119379 99.534401 0.000003 8.715887 0.001694 
32 -49.001141 0.000000 -25.119379 99.598972 0.000001 8.729865 0.000383 
33 -23.501711 0.000000 -50.143254 99.576686 0.000002 8.697706 0.000883 
34 -23.501711 0.000000 -0.095503 99.629627 0.000005 8.820910 -0.000387 
35 27.497148 0.000000 24.928373 99.749912 0.000029 8.043237 -0.001474 
36 1.997718 0.000000 24.928373 99.886453 0.000014 8.387754 -0.004766 
37 52.996578 0.000000 24.928373 99.704015 0.000032 7.938051 -0.000390 
38 27.497148 0.000000 49.952249 99.673787 0.000006 8.567069 -0.000826 
39 14.747433 0.000000 -12.607441 99.424132 0.000028 7.392970 0.006019 
40 1.997718 0.000000 -12.607441 98.848299 0.000020 7.933040 0.016608 
41 14.747433 0.000000 -25.119379 99.486946 0.000013 8.256298 0.003418 
42 27.497148 0.000000 -12.607441 99.652487 0.000030 7.293311 0.001619 
43 14.747433 0.000000 -0.095503 100.052640 -0.000344 2.816640 -0.001846 
44 -23.501711 0.000000 24.928373 99.718896 0.000005 8.710930 -0.001974 
45 -49.001141 0.000000 24.928373 99.645026 0.000001 8.728826 -0.000532 
46 -23.501711 0.000000 49.952249 99.669310 0.000002 8.693685 -0.000955 
47 -10.751996 0.000000 -12.607441 99.274501 0.000009 8.779261 0.006750 
48 -23.501711 0.000000 -12.607441 99.534489 0.000004 8.770128 0.001597 
49 -10.751996 0.000000 -25.119379 99.449488 0.000005 8.637953 0.003519 
50 -10.751996 0.000000 -0.095503 99.637884 0.000011 9.256562 -0.001339 
51 14.747433 0.000000 12.416435 100.007989 0.000026 7.078712 -0.005171 
52 1.997718 0.000000 12.416435 100.505685 0.000017 7.850671 -0.016303 
53 27.497148 0.000000 12.416435 99.872224 0.000043 6.507863 -0.001681 
54 14.747433 0.000000 24.928373 99.822600 0.000022 8.155681 -0.003107 
55 8.372576 0.000000 -6.351472 98.963554 -0.000032 5.610124 0.017474 
56 1.997718 0.000000 -6.351472 97.464083 0.000006 6.755829 0.045511 
57 8.372576 0.000000 -12.607441 99.138959 0.000024 7.471655 0.011564 
58 14.747433 0.000000 -6.351472 99.559639 -0.000043 5.864994 0.005348 
59 8.372576 0.000000 -0.095503 99.980283 -0.000124 1.742300 0.000091 
60 -10.751996 0.000000 12.416435 100.002164 0.000009 8.770422 -0.007735 
61 -23.501711 0.000000 12.416435 99.723142 0.000005 8.766948 -0.002156 
62 -10.751996 0.000000 24.928373 99.816605 0.000008 8.623832 -0.003773 
63 -4.377139 0.000000 -6.351472 98.374681 0.000016 8.960807 0.024213 
64 -10.751996 0.000000 -6.351472 99.265889 0.000011 9.025111 0.006483 
65 -4.377139 0.000000 -12.607441 98.974564 0.000014 8.537899 0.013114 
66 -4.377139 0.000000 -0.095503 99.623234 0.000013 10.835756 -0.004220 
67 8.372576 0.000000 6.160466 100.619508 -0.000033 5.280376 -0.015217 
68 1.997718 0.000000 6.160466 102.011553 0.000005 6.629518 -0.045031 
69 14.747433 0.000000 6.160466 100.114698 -0.000077 5.198522 -0.004998 
70 8.372576 0.000000 12.416435 100.258164 0.000021 7.291908 -0.010487 
71 5.185147 0.000000 -3.223487 97.856695 -0.000113 3.256951 0.041346 
72 1.997718 0.000000 -3.223487 94.973525 -0.000032 4.803031 0.095696 
73 5.185147 0.000000 -6.351472 98.241787 -0.000013 5.793126 0.031499 
74 8.372576 0.000000 -3.223487 99.190294 -0.000183 3.790372 0.014692 
75 5.185147 0.000000 -0.095503 99.860225 0.000058 -0.315997 0.002784 
76 -4.377139 0.000000 6.160466 100.966363 0.000013 8.962535 -0.027453 
77 -10.751996 0.000000 6.160466 100.014616 0.000010 9.024170 -0.008436 
78 -4.377139 0.000000 12.416435 100.333996 0.000013 8.510977 -0.013935 
79 -1.189710 0.000000 -3.223487 95.690360 0.000007 9.439063 0.075426 
80 -4.377139 0.000000 -3.223487 98.297721 0.000015 9.871490 0.024011 
81 -1.189710 0.000000 -6.351472 97.580463 0.000016 8.213654 0.041059 
82 -1.189710 0.000000 -0.095503 99.119578 0.000004 17.832585 -0.014269 
83 5.185147 0.000000 3.032481 101.743128 -0.000050 3.058778 -0.036102 
84 1.997718 0.000000 3.032481 104.609973 -0.000010 4.579751 -0.096422 
85 8.372576 0.000000 3.032481 100.557931 -0.000125 3.449966 -0.012380 
86 5.185147 0.000000 6.160466 101.277426 -0.000010 5.580329 -0.028826 
87 3.591433 0.000000 -1.659495 96.091114 -0.000127 0.641958 0.076609 
88 1.997718 0.000000 -1.659495 92.573799 -0.000045 2.073170 0.142579 
89 3.591433 0.000000 -3.223487 96.466411 -0.000071 3.453647 0.068230 
90 5.185147 0.000000 -1.659495 98.283443 -0.000180 1.314621 0.033864 
91 3.591433 0.000000 -0.095503 99.341577 -0.000079 -4.750101 0.010869 
92 78.496007 0.000000 -25.119379 99.642178 0.000017 8.348060 0.000175 
93 78.496007 0.000000 -50.143254 99.617862 0.000008 8.601660 0.000229 
94 103.995437 0.000000 -25.119379 99.641165 0.000019 8.415056 0.000083 
95 78.496007 0.000000 -0.095503 99.908077 -0.000071 5.389003 -0.001067 
96 40.246863 0.000000 -12.607441 99.693909 0.000033 7.451164 0.000560 
97 40.246863 0.000000 -25.119379 99.616041 0.000016 8.244980 0.000866 
98 52.996578 0.000000 -12.607441 99.696788 0.000038 7.627601 0.000237 
99 40.246863 0.000000 -0.095503 100.058637 -0.000352 3.585021 -0.002458 
100 21.122291 0.000000 -6.351472 99.714686 -0.000026 6.135742 0.001933 
101 21.122291 0.000000 -12.607441 99.567386 0.000033 7.452880 0.003079 
102 27.497148 0.000000 -6.351472 99.759667 -0.000007 6.351774 0.000766 
103 21.122291 0.000000 -0.095503 100.052724 -0.000438 3.329512 -0.002163 
104 11.560005 0.000000 -3.223487 99.602525 -0.000225 4.216172 0.006156 
105 11.560005 0.000000 -6.351472 99.361054 -0.000043 5.713709 0.009473 
106 14.747433 0.000000 -3.223487 99.760799 -0.000234 4.516761 0.002738 
107 11.560005 0.000000 -0.095503 100.029789 -0.000230 2.422071 -0.001183 
108 6.778862 0.000000 -1.659495 99.147158 -0.000234 2.160447 0.016517 
109 6.778862 0.000000 -3.223487 98.707684 -0.000151 3.489552 0.024462 
110 8.372576 0.000000 -1.659495 99.519517 -0.000284 2.732744 0.008840 
111 6.778862 0.000000 -0.095503 99.931608 -0.000203 1.030039 0.001261 
112 -1.189710 0.000000 3.032481 103.829488 0.000008 9.539892 -0.087157 
113 -4.377139 0.000000 3.032481 101.021202 0.000013 9.916567 -0.030362 
114 -1.189710 0.000000 6.160466 101.838080 0.000012 8.180575 -0.043792 
115 3.591433 0.000000 1.468489 103.301620 -0.000019 0.540685 -0.067152 
116 1.997718 0.000000 1.468489 106.908411 -0.000023 1.566269 -0.143186 
117 5.185147 0.000000 1.468489 101.347213 -0.000053 1.211073 -0.027272 
118 3.591433 0.000000 3.032481 103.072068 -0.000024 3.240456 -0.063435 
119 4.388290 0.000000 -0.877499 98.098982 -0.000170 -0.696523 0.037610 
120 3.591433 0.000000 -0.877499 96.310308 -0.000191 -1.453701 0.072221 
121 4.388290 0.000000 -1.659495 97.402253 -0.000155 0.832149 0.051211 
122 5.185147 0.000000 -0.877499 98.912874 -0.000180 0.307321 0.021615 
123 4.388290 0.000000 -0.095503 99.861606 0.000005 -1.812216 0.002438 
124 0.404004 0.000000 -1.659495 90.111335 -0.000013 7.696439 0.182071 
125 -1.189710 0.000000 -1.659495 94.590804 0.000005 12.184032 0.090413 
126 0.404004 0.000000 -3.223487 94.449650 -0.000005 7.326074 0.102559 
127 0.404004 0.000000 -0.095503 99.186198 -0.000012 -4.742191 0.013961 
128 2.794576 0.000000 -0.877499 93.992088 -0.000090 -1.343947 0.116368 
129 1.997718 0.000000 -0.877499 91.221324 -0.000005 -0.650793 0.167825 
130 2.794576 0.000000 -1.659495 94.447334 -0.000084 1.024392 0.107865 
131 2.794576 0.000000 -0.095503 99.285218 -0.000057 -4.747369 0.011991 
132 78.496007 0.000000 24.928373 99.706195 0.000037 7.784444 -0.000192 
133 103.995437 0.000000 24.928373 99.714352 0.000030 7.655023 -0.000155 
134 78.496007 0.000000 49.952249 99.646160 0.000005 8.510021 -0.000178 
135 40.246863 0.000000 12.416435 99.856238 0.000040 6.231459 -0.001010 
136 52.996578 0.000000 12.416435 99.864490 0.000022 6.004412 -0.000897 
137 40.246863 0.000000 24.928373 99.717346 0.000034 7.974154 -0.000714 
138 21.122291 0.000000 6.160466 100.001930 -0.000103 5.083206 -0.002623 
139 27.497148 0.000000 6.160466 99.979814 -0.000129 4.902844 -0.002000 
140 21.122291 0.000000 12.416435 99.887591 0.000030 6.981087 -0.002627 
141 11.560005 0.000000 3.032481 100.236554 -0.000199 3.654293 -0.006072 
142 14.747433 0.000000 3.032481 100.132233 -0.000250 3.706292 -0.004020 
143 11.560005 0.000000 6.160466 100.275965 -0.000057 5.226797 -0.008259 
144 6.778862 0.000000 1.468489 100.616184 -0.000097 1.984865 -0.012756 
145 8.372576 0.000000 1.468489 100.333200 -0.000144 2.451611 -0.007276 
146 6.778862 0.000000 3.032481 100.976655 -0.000086 3.234506 -0.020675 
147 4.388290 0.000000 0.686493 101.447814 -0.000020 -0.639629 -0.029207 
148 3.591433 0.000000 0.686493 102.943332 0.000018 -1.436576 -0.059939 
149 5.185147 0.000000 0.686493 100.757054 -0.000044 0.293560 -0.015207 
150 4.388290 0.000000 1.468489 102.125842 -0.000033 0.744877 -0.043024 
151 3.989861 0.000000 -0.486501 99.360886 -0.000085 -4.752435 0.010483 
152 3.591433 0.000000 -0.486501 99.338501 -0.000079 -4.750070 0.010930 
153 3.989861 0.000000 -0.877499 97.335889 -0.000179 -1.177176 0.052434 
154 4.388290 0.000000 -0.486501 98.807885 -0.000154 -1.473295 0.023483 
155 3.989861 0.000000 -0.095503 99.355261 -0.000083 -4.752496 0.010595 
156 0.404004 0.000000 1.468489 110.149078 -0.000005 7.520656 -0.218938 
157 -1.189710 0.000000 1.468489 104.876795 0.000005 12.651417 -0.115920 
158 0.404004 0.000000 3.032481 105.214444 0.000000 7.254191 -0.112270 
159 2.794576 0.000000 0.686493 105.093495 -0.000029 -1.656163 -0.104739 
160 1.997718 0.000000 0.686493 107.925932 -0.000069 -1.407227 -0.164999 
161 2.794576 0.000000 1.468489 104.922138 -0.000021 0.708994 -0.100916 
162 3.193004 0.000000 -0.486501 99.305835 -0.000066 -4.747402 0.011581 
163 2.794576 0.000000 -0.486501 99.266028 -0.000048 -4.746303 0.012373 
164 3.193004 0.000000 -0.877499 95.180945 -0.000160 -1.480946 0.093839 
165 3.193004 0.000000 -0.095503 99.309887 -0.000068 -4.747369 0.011501 
166 3.989861 0.000000 0.295495 101.488493 0.000021 -2.107538 -0.030436 
167 3.591433 0.000000 0.295495 102.572224 0.000112 -2.602901 -0.052784 
168 4.388290 0.000000 0.295495 100.816047 -0.000021 -1.331743 -0.016565 
169 3.989861 0.000000 0.686493 102.082235 -0.000000 -1.095831 -0.042198 
170 3.790647 0.000000 -0.291002 99.347301 -0.000081 -4.751758 0.010753 
171 3.591433 0.000000 -0.291002 99.341577 -0.000079 -4.750101 0.010869 
172 3.790647 0.000000 -0.486501 99.349674 -0.000082 -4.751687 0.010706 
173 3.989861 0.000000 -0.291002 99.355261 -0.000083 -4.752496 0.010595 
174 3.790647 0.000000 -0.095503 99.347301 -0.000081 -4.751758 0.010753 
175 1.200861 0.000000 -0.877499 87.587103 -0.000030 1.463343 0.232636 
176 0.404004 0.000000 -0.877499 84.205721 -0.000012 7.748833 0.284935 
177 1.200861 0.000000 -1.659495 90.760948 -0.000027 4.202765 0.174479 
178 1.200861 0.000000 -0.095503 99.216281 -0.000025 -4.742404 0.013364 
179 2.396147 0.000000 -0.486501 99.265147 -0.000048 -4.744855 0.012392 
180 1.997718 0.000000 -0.486501 99.265147 -0.000048 -4.744855 0.012392 
181 2.396147 0.000000 -0.877499 92.698882 -0.000032 -1.099006 0.140571 
182 2.396147 0.000000 -0.095503 99.265587 -0.000048 -4.745579 0.012382 
183 3.193004 0.000000 0.295495 103.761174 0.000092 -2.905782 -0.077482 
184 2.794576 0.000000 0.295495 105.019399 -0.000046 -3.004886 -0.103810 
185 3.193004 0.000000 0.686493 103.959346 0.000007 -1.616637 -0.081016 
186 2.993790 0.000000 -0.291002 99.298487 -0.000063 -4.747736 0.011727 
187 2.794576 0.000000 -0.291002 99.285218 -0.000057 -4.747369 0.011991 
188 2.993790 0.000000 -0.486501 99.304408 -0.000066 -4.748436 0.011609 
189 3.193004 0.000000 -0.291002 99.309887 -0.000068 -4.747369 0.011501 
190 2.993790 0.000000 -0.095503 99.290372 -0.000059 -4.747377 0.011888 
191 1.200861 0.000000 0.686493 112.106210 -0.000008 0.089985 -0.256781 
192 0.404004 0.000000 0.686493 117.538536 -0.000017 6.756270 -0.386095 
193 1.200861 0.000000 1.468489 109.057729 -0.000012 3.631735 -0.190678 
194 1.599290 0.000000 0.295495 99.226772 -0.000029 -4.742449 0.013156 
195 1.200861 0.000000 0.295495 99.226753 -0.000029 -4.742854 0.013156 
196 1.599290 0.000000 -0.095503 99.226756 -0.000029 -4.742780 0.013156 
197 1.997718 0.000000 0.295495 108.170289 -0.000196 -3.270839 -0.171151 
198 1.599290 0.000000 0.686493 109.772274 -0.000044 -0.904669 -0.205077 
199 -74.500570 0.000000 24.928373 99.628782 0.000001 8.723620 -0.000200 
200 -100.000000 0.000000 24.928373 99.623744 0.000000 8.721525 -0.000096 
201 -74.500570 0.000000 -0.095503 99.620811 0.000001 8.727014 -0.000047 
202 -74.500570 0.000000 49.952249 99.631310 0.000000 8.719727 -0.000243 
203 -36.251426 0.000000 12.416435 99.657044 0.000003 8.750619 -0.000810 
204 -49.001141 0.000000 12.416435 99.636952 0.000002 8.737615 -0.000387 
205 -36.251426 0.000000 -0.095503 99.624570 0.000003 8.760371 -0.000180 
206 -36.251426 0.000000 24.928373 99.667767 0.000002 8.729226 -0.000986 
207 -17.126854 0.000000 6.160466 99.769762 0.000008 8.857286 -0.003246 
208 -23.501711 0.000000 6.160466 99.689967 0.000006 8.803509 -0.001559 
209 -17.126854 0.000000 -0.095503 99.635206 0.000008 8.909287 -0.000655 
210 -17.126854 0.000000 12.416435 99.813546 0.000008 8.768065 -0.003962 
211 -7.564568 0.000000 3.032481 100.165959 0.000013 9.459752 -0.012271 
212 -10.751996 0.000000 3.032481 99.880688 0.000011 9.183757 -0.006049 
213 -7.564568 0.000000 -0.095503 99.639887 0.000013 9.674462 -0.002170 
214 -7.564568 0.000000 6.160466 100.337601 0.000012 9.079578 -0.015007 
215 -2.783425 0.000000 1.468489 101.598838 0.000011 11.594489 -0.045676 
216 -4.377139 0.000000 1.468489 100.544129 0.000013 10.548287 -0.022039 
217 -2.783425 0.000000 -0.095503 99.565044 0.000011 12.517895 -0.006990 
218 -2.783425 0.000000 3.032481 102.153081 0.000012 10.174058 -0.053876 
219 -0.392853 0.000000 0.686493 110.988548 -0.000012 17.637339 -0.262953 
220 -1.189710 0.000000 0.686493 103.762651 0.000003 15.883731 -0.101898 
221 -0.392853 0.000000 -0.095503 95.804014 0.000011 31.322720 -0.015952 
222 -0.392853 0.000000 1.468489 108.116419 -0.000000 11.491311 -0.182121 
223 0.802433 0.000000 0.295495 99.198778 -0.000017 -4.742685 0.013711 
224 0.404004 0.000000 0.295495 99.186148 -0.000012 -4.742567 0.013962 
225 0.802433 0.000000 -0.095503 99.199890 -0.000017 -4.742707 0.013689 
226 0.802433 0.000000 0.686493 114.949350 0.000002 2.251192 -0.321842 
227 -74.500570 0.000000 -25.119379 99.612730 0.000001 8.723997 0.000120 
228 -100.000000 0.000000 -25.119379 99.616572 0.000000 8.721680 0.000047 
229 -74.500570 0.000000 -50.143254 99.609590 0.000001 8.720273 0.000189 
230 -36.251426 0.000000 -12.607441 99.591126 0.000002 8.751813 0.000501 
231 -49.001141 0.000000 -12.607441 99.607559 0.000002 8.738195 0.000198 
232 -36.251426 0.000000 -25.119379 99.579122 0.000002 8.731267 0.000776 
233 -17.126854 0.000000 -6.351472 99.500271 0.000007 8.859877 0.002120 
234 -23.501711 0.000000 -6.351472 99.568914 0.000005 8.805112 0.000850 
235 -17.126854 0.000000 -12.607441 99.453955 0.000006 8.773815 0.003193 
236 -7.564568 0.000000 -3.223487 99.124282 0.000014 9.450360 0.008507 
237 -10.751996 0.000000 -3.223487 99.397165 0.000011 9.182222 0.003589 
238 -7.564568 0.000000 -6.351472 98.962309 0.000013 9.078355 0.012404 
239 -2.783425 0.000000 -1.659495 97.664939 0.000012 11.451763 0.033042 
240 -4.377139 0.000000 -1.659495 98.731317 0.000014 10.502430 0.014183 
241 -2.783425 0.000000 -3.223487 97.228189 0.000013 10.077571 0.044512 
242 -0.392853 0.000000 -0.877499 89.200518 0.000004 15.639263 0.179868 
243 -1.189710 0.000000 -0.877499 95.213936 0.000005 15.148762 0.070482 
244 -0.392853 0.000000 -1.659495 91.864549 -0.000002 11.013289 0.143961 
245 0.005576 0.000000 0.295495 99.175310 -0.000008 -4.739979 0.014179 
246 -0.392853 0.000000 0.295495 109.787317 -0.000022 26.048722 -0.273179 
247 0.005576 0.000000 -0.095503 99.176974 -0.000008 -4.740478 0.014146 
248 0.005576 0.000000 0.686493 116.601849 -0.000027 13.725657 -0.378438 
249 0.802433 0.000000 -0.486501 82.375122 -0.000074 0.852083 0.321361 
250 0.404004 0.000000 -0.486501 78.014430 0.000003 6.081925 0.387676 
251 0.802433 0.000000 -0.877499 85.530295 -0.000030 3.823758 0.266995 
252 1.200861 0.000000 -0.486501 86.073651 -0.000073 -1.222626 0.258983 
253 0.603218 0.000000 0.099996 99.192452 -0.000014 -4.742850 0.013836 
254 0.404004 0.000000 0.099996 99.186198 -0.000012 -4.742191 0.013961 
255 0.603218 0.000000 -0.095503 99.192452 -0.000014 -4.742850 0.013836 
256 0.802433 0.000000 0.099996 99.196666 -0.000016 -4.742804 0.013753 
257 0.603218 0.000000 0.295495 99.190331 -0.000013 -4.743161 0.013878 
258 0.005576 0.000000 -0.486501 78.647305 0.000050 17.091274 0.352249 
259 -0.392853 0.000000 -0.486501 88.541535 0.000015 21.593240 0.169413 
260 0.005576 0.000000 -0.877499 85.392592 0.000002 12.640352 0.254833 
261 0.204790 0.000000 0.099996 99.180038 -0.000009 -4.741046 0.014084 
262 0.005576 0.000000 0.099996 99.176974 -0.000008 -4.740478 0.014146 
263 0.204790 0.000000 -0.095503 99.180308 -0.000010 -4.741288 0.014079 
264 0.204790 0.000000 0.295495 99.177995 -0.000009 -4.740295 0.014125 
265 -1.986567 0.000000 0.686493 101.594879 0.000008 13.675202 -0.050853 
266 -2.783425 0.000000 0.686493 100.751373 0.000011 12.273972 -0.030149 
267 -1.986567 0.000000 -0.095503 99.464273 0.000008 14.246959 -0.009612 
268 -1.986567 0.000000 1.468489 102.762748 0.000009 12.267572 -0.071068 
269 -0.791282 0.000000 0.295495 103.732202 -0.000002 20.670827 -0.118765 
270 -1.189710 0.000000 0.295495 101.842792 0.000003 17.406136 -0.067493 
271 -0.791282 0.000000 -0.095503 98.510059 0.000003 21.819078 -0.018030 
272 -0.791282 0.000000 0.686493 106.314873 -0.000002 17.280729 -0.160148 
273 -0.193639 0.000000 0.099996 99.173949 -0.000007 -4.740219 0.014206 
274 -0.392853 0.000000 0.099996 104.452803 -0.000012 31.098424 -0.187750 
275 -0.193639 0.000000 -0.095503 99.173949 -0.000007 -4.740219 0.014206 
276 -0.193639 0.000000 0.295495 117.981688 -0.000065 27.812645 -0.469322 
277 0.204790 0.000000 -0.291002 99.177995 -0.000009 -4.740295 0.014125 
278 0.005576 0.000000 -0.291002 99.175310 -0.000008 -4.739979 0.014179 
279 0.204790 0.000000 -0.486501 76.851280 0.000042 11.094416 0.397079 
280 0.404004 0.000000 -0.291002 99.186148 -0.000012 -4.742567 0.013962 
281 0.105183 0.000000 0.002247 99.177327 -0.000008 -4.740152 0.014139 
282 0.005576 0.000000 0.002247 99.175978 -0.000008 -4.740122 0.014166 
283 0.105183 0.000000 -0.095503 99.177327 -0.000008 -4.740152 0.014139 
284 0.204790 0.000000 0.002247 99.180308 -0.000010 -4.741288 0.014079 
285 0.105183 0.000000 0.099996 99.176974 -0.000008 -4.740478 0.014146 
286 5.982004 0.000000 -0.877499 99.291340 -0.000202 1.022826 0.014018 
287 5.982004 0.000000 -1.659495 98.815098 -0.000207 1.777095 0.023242 
288 6.778862 0.000000 -0.877499 99.506084 -0.000229 1.522697 0.009622 
289 5.982004 0.000000 -0.095503 99.897795 0.000566 0.495035 0.002019 
290 4.786719 0.000000 -0.486501 99.161543 -0.000148 -0.698967 0.016650 
291 4.786719 0.000000 -0.877499 98.590871 -0.000173 -0.165973 0.027981 
292 5.185147 0.000000 -0.486501 99.361202 -0.000148 -0.113767 0.012734 
293 4.786719 0.000000 -0.095503 99.846250 0.000021 -0.929623 0.002986 
294 4.189076 0.000000 -0.291002 99.360886 -0.000085 -4.752435 0.010483 
295 4.189076 0.000000 -0.486501 98.485110 -0.000163 -1.971545 0.029680 
296 4.388290 0.000000 -0.291002 99.305687 -0.000168 -1.755744 0.013530 
297 4.189076 0.000000 -0.095503 99.360886 -0.000085 -4.752435 0.010483 
298 3.790647 0.000000 0.099996 99.349674 -0.000082 -4.751687 0.010706 
299 3.591433 0.000000 0.099996 99.330271 -0.000075 -4.748670 0.011095 
300 3.989861 0.000000 0.099996 99.355261 -0.000083 -4.752496 0.010595 
301 3.790647 0.000000 0.295495 101.999720 0.000064 -2.402233 -0.040971 
302 3.890254 0.000000 -0.193253 99.354159 -0.000083 -4.751987 0.010617 
303 3.790647 0.000000 -0.193253 99.349659 -0.000082 -4.752035 0.010706 
304 3.890254 0.000000 -0.291002 99.352029 -0.000082 -4.752052 0.010659 
305 3.989861 0.000000 -0.193253 99.352926 -0.000082 -4.751697 0.010642 
306 3.890254 0.000000 -0.095503 99.352029 -0.000082 -4.752052 0.010659 
307 5.982004 0.000000 0.686493 100.458778 -0.000059 0.954340 -0.009288 
308 6.778862 0.000000 0.686493 100.304691 -0.000073 1.418659 -0.006304 
309 5.982004 0.000000 1.468489 100.889393 -0.000075 1.644887 -0.018138 
310 4.786719 0.000000 0.295495 100.501647 -0.000033 -0.634206 -0.010098 
311 5.185147 0.000000 0.295495 100.338847 -0.000037 -0.084798 -0.006789 
312 4.786719 0.000000 0.686493 101.029416 -0.000034 -0.148553 -0.020697 
313 2.396147 0.000000 0.295495 106.356914 -0.000152 -3.163715 -0.132180 
314 2.396147 0.000000 0.686493 106.387890 -0.000061 -1.617714 -0.132100 
315 3.392219 0.000000 -0.291002 99.322092 -0.000072 -4.747856 0.011258 
316 3.392219 0.000000 -0.486501 99.322042 -0.000072 -4.747270 0.011260 
317 3.392219 0.000000 -0.095503 99.322092 -0.000072 -4.747856 0.011258 
318 4.189076 0.000000 0.099996 100.606980 -0.000011 -2.172337 -0.012648 
319 4.388290 0.000000 0.099996 100.382249 -0.000025 -1.629850 -0.007925 
320 4.189076 0.000000 0.295495 101.092638 -0.000006 -1.750783 -0.022279 
321 1.599290 0.000000 -0.486501 99.226772 -0.000029 -4.742449 0.013156 
322 1.599290 0.000000 -0.877499 89.542106 -0.000011 0.142440 0.198219 
323 3.392219 0.000000 0.099996 99.311713 -0.000068 -4.747014 0.011465 
324 3.193004 0.000000 0.099996 99.305122 -0.000066 -4.747919 0.011595 
325 3.392219 0.000000 0.295495 103.163824 0.000129 -2.772026 -0.065046 
326 -1.986567 0.000000 -0.877499 97.481318 0.000009 13.425475 0.031715 
327 -2.783425 0.000000 -0.877499 98.412998 0.000011 12.206065 0.016589 
328 -1.986567 0.000000 -1.659495 96.528269 0.000009 12.001158 0.053827 
329 -0.791282 0.000000 -0.486501 94.291011 0.000005 19.235844 0.073919 
330 -1.189710 0.000000 -0.486501 96.660780 0.000005 16.835906 0.037325 
331 -0.791282 0.000000 -0.877499 92.848159 0.000004 15.955817 0.112463 
332 0.603218 0.000000 -0.291002 99.195948 -0.000016 -4.743142 0.013767 
333 0.603218 0.000000 -0.486501 80.187399 -0.000041 2.860450 0.356180 
334 0.802433 0.000000 -0.291002 99.198799 -0.000017 -4.742237 0.013711 
335 -0.193639 0.000000 -0.291002 81.986721 0.000063 28.688447 0.245515 
336 -0.392853 0.000000 -0.291002 90.188274 0.000020 26.503111 0.116366 
337 -0.193639 0.000000 -0.486501 83.534903 0.000032 20.973471 0.258203 
338 2.993790 0.000000 0.099996 99.298487 -0.000063 -4.747736 0.011727 
339 2.794576 0.000000 0.099996 99.285218 -0.000057 -4.747369 0.011991 
340 2.993790 0.000000 0.295495 104.383194 0.000022 -2.971774 -0.090468 
1 7 12 10 11 
2 12 2 13 10 
3 1 17 15 16 
4 17 7 11 15 
5 19 21 3 22 
6 20 19 22 9 
7 11 25 23 24 
8 25 10 26 23 
9 28 20 9 30 
10 29 28 30 4 
11 15 33 31 32 
12 33 11 24 31 
13 35 37 19 38 
14 36 35 38 20 
15 24 41 39 40 
16 41 23 42 39 
17 44 36 20 46 
18 45 44 46 28 
19 31 49 47 48 
20 49 24 40 47 
21 51 53 35 54 
22 52 51 54 36 
23 40 57 55 56 
24 57 39 58 55 
25 60 52 36 62 
26 61 60 62 44 
27 47 65 63 64 
28 65 40 56 63 
29 67 69 51 70 
30 68 67 70 52 
31 56 73 71 72 
32 73 55 74 71 
33 76 68 52 78 
34 77 76 78 60 
35 63 81 79 80 
36 81 56 72 79 
37 83 85 67 86 
38 84 83 86 68 
39 72 89 87 88 
40 89 71 90 87 
41 10 93 92 26 
42 93 13 94 92 
43 92 94 8 95 
44 26 92 95 14 
45 23 97 96 42 
46 97 26 98 96 
47 96 98 14 99 
48 42 96 99 27 
49 39 101 100 58 
50 101 42 102 100 
51 100 102 27 103 
52 58 100 103 43 
53 55 105 104 74 
54 105 58 106 104 
55 104 106 43 107 
56 74 104 107 59 
57 71 109 108 90 
58 109 74 110 108 
59 108 110 59 111 
60 112 84 68 114 
61 113 112 114 76 
62 115 117 83 118 
63 116 115 118 84 
64 87 121 119 120 
65 121 90 122 119 
66 79 126 124 125 
67 126 72 88 124 
68 88 130 128 129 
69 130 87 120 128 
70 14 95 132 37 
71 95 8 133 132 
72 132 133 21 134 
73 37 132 134 19 
74 27 99 135 53 
75 99 14 136 135 
76 135 136 37 137 
77 53 135 137 35 
78 43 103 138 69 
79 103 27 139 138 
80 138 139 53 140 
81 69 138 140 51 
82 59 107 141 85 
83 107 43 142 141 
84 141 142 69 143 
85 85 141 143 67 
86 111 59 145 144 
87 144 145 85 146 
88 117 144 146 83 
89 147 149 117 150 
90 148 147 150 115 
91 120 153 151 152 
92 153 119 154 151 
93 156 116 84 158 
94 157 156 158 112 
95 159 148 115 161 
96 160 159 161 116 
97 128 164 162 163 
98 164 120 152 162 
99 166 168 147 169 
100 167 166 169 148 
101 152 172 170 171 
102 172 151 173 170 
103 171 170 174 91 
104 124 177 175 176 
105 177 88 129 175 
106 129 181 179 180 
107 181 128 163 179 
108 179 163 131 182 
109 180 179 182 5 
110 183 167 148 185 
111 184 183 185 159 
112 163 188 186 187 
113 188 162 189 186 
114 186 189 165 190 
115 187 186 190 131 
116 191 160 116 193 
117 192 191 193 156 
118 178 196 194 195 
119 196 5 197 194 
120 194 197 160 198 
121 195 194 198 191 
122 6 201 199 200 
123 201 18 45 199 
124 199 45 28 202 
125 200 199 202 29 
126 18 205 203 204 
127 205 34 61 203 
128 203 61 44 206 
129 204 203 206 45 
130 34 209 207 208 
131 209 50 77 207 
132 207 77 60 210 
133 208 207 210 61 
134 50 213 211 212 
135 213 66 113 211 
136 211 113 76 214 
137 212 211 214 77 
138 66 217 215 216 
139 215 157 112 218 
140 216 215 218 113 
141 219 192 156 222 
142 220 219 222 157 
143 225 178 195 223 
144 223 195 191 226 
145 224 223 226 192 
146 16 229 227 228 
147 229 15 32 227 
148 227 32 18 201 
149 228 227 201 6 
150 32 232 230 231 
151 232 31 48 230 
152 230 48 34 205 
153 231 230 205 18 
154 48 235 233 234 
155 235 47 64 233 
156 233 64 50 209 
157 234 233 209 34 
158 64 238 236 237 
159 238 63 80 236 
160 236 80 66 213 
161 237 236 213 50 
162 80 241 239 240 
163 241 79 125 239 
164 240 239 217 66 
165 125 244 242 243 
166 244 124 176 242 
167 245 224 192 248 
168 246 245 248 219 
169 176 251 249 250 
170 251 175 252 249 
171 249 252 178 225 
172 127 255 253 254 
173 255 225 256 253 
174 253 256 223 257 
175 254 253 257 224 
176 242 260 258 259 
177 260 176 250 258 
178 263 127 254 261 
179 261 254 224 264 
180 262 261 264 245 
181 217 267 265 266 
182 267 82 220 265 
183 265 220 157 268 
184 266 265 268 215 
185 82 271 269 270 
186 271 221 246 269 
187 269 246 219 272 
188 270 269 272 220 
189 221 275 273 274 
190 275 247 262 273 
191 273 262 245 276 
192 274 273 276 246 
193 258 279 277 278 
194 279 250 280 277 
195 277 280 127 263 
196 278 277 263 247 
197 247 283 281 282 
198 283 263 284 281 
199 281 284 261 285 
200 282 281 285 262 
201 90 287 286 122 
202 287 108 288 286 
203 286 288 111 289 
204 122 286 289 75 
205 119 291 290 154 
206 291 122 292 290 
207 290 292 75 293 
208 154 290 293 123 
209 151 295 294 173 
210 295 154 296 294 
211 294 296 123 297 
212 173 294 297 155 
213 91 174 298 299 
214 174 155 300 298 
215 298 300 166 301 
216 299 298 301 167 
217 170 304 302 303 
218 304 173 305 302 
219 302 305 155 306 
220 303 302 306 174 
221 75 289 307 149 
222 289 111 308 307 
223 307 308 144 309 
224 149 307 309 117 
225 123 293 310 168 
226 293 75 311 310 
227 310 311 149 312 
228 168 310 312 147 
229 5 182 313 197 
230 182 131 184 313 
231 313 184 159 314 
232 197 313 314 160 
233 162 316 315 189 
234 316 152 171 315 
235 315 171 91 317 
236 189 315 317 165 
237 155 297 318 300 
238 297 123 319 318 
239 318 319 168 320 
240 300 318 320 166 
241 175 322 321 252 
242 322 129 180 321 
243 321 180 5 196 
244 252 321 196 178 
245 165 317 323 324 
246 317 91 299 323 
247 323 299 167 325 
248 324 323 325 183 
249 239 328 326 327 
250 328 125 243 326 
251 326 243 82 267 
252 327 326 267 217 
253 243 331 329 330 
254 331 242 259 329 
255 329 259 221 271 
256 330 329 271 82 
257 250 333 332 280 
258 333 249 334 332 
259 332 334 225 255 
260 280 332 255 127 
261 259 337 335 336 
262 337 258 278 335 
263 335 278 247 275 
264 336 335 275 221 
265 131 190 338 339 
266 190 165 324 338 
267 338 324 183 340 
268 339 338 340 184 
