2 0.000000 80.000000 4633.168973
351 274 
1 -90.000000 0.000000 -90.000000 80.000000 0.000000 0.000000 -0.000000 
2 94.000000 0.000000 -90.000000 80.000000 0.000000 -0.000000 -0.000000 
3 94.000000 0.000000 90.000000 80.000000 0.000000 -0.000000 -0.000000 
4 -90.000000 0.000000 90.000000 80.000000 0.000000 0.000000 -0.000000 
5 2.000000 0.000000 0.000000 80.000000 -0.000000 -0.000000 -0.000000 
6 -90.000000 0.000000 0.000000 80.000000 0.000000 0.000000 -0.000000 
7 2.000000 0.000000 -90.000000 80.000000 0.000000 -0.000000 -0.000000 
8 94.000000 0.000000 0.000000 80.000000 0.000000 -0.000000 -0.000000 
9 2.000000 0.000000 90.000000 80.000000 0.000000 -0.000000 -0.000000 
10 48.000000 0.000000 45.000000 80.000000 0.000000 -0.000000 -0.000000 
11 2.000000 0.000000 45.000000 80.000000 0.000000 -0.000000 -0.000000 
12 48.000000 0.000000 0.000000 80.000000 0.000000 -0.000000 -0.000000 
13 94.000000 0.000000 45.000000 80.000000 0.000000 -0.000000 -0.000000 
14 48.000000 0.000000 90.000000 80.000000 0.000000 -0.000000 -0.000000 
15 -44.000000 0.000000 45.000000 80.000000 0.000000 0.000000 -0.000000 
16 -90.000000 0.000000 45.000000 80.000000 0.000000 0.000000 -0.000000 
17 -44.000000 0.000000 0.000000 80.000000 0.000000 0.000000 -0.000000 
18 -44.000000 0.000000 90.000000 80.000000 0.000000 -0.000000 -0.000000 
19 48.000000 0.000000 -45.000000 80.000000 0.000000 -0.000000 -0.000000 
20 2.000000 0.000000 -45.000000 80.000000 0.000000 -0.000000 -0.000000 
21 48.000000 0.000000 -90.000000 80.000000 0.000000 -0.000000 -0.000000 
22 94.000000 0.000000 -45.000000 80.000000 0.000000 -0.000000 -0.000000 
23 25.000000 0.000000 22.500000 80.000000 0.000000 -0.000000 -0.000000 
24 2.000000 0.000000 22.500000 80.000000 0.000000 -0.000000 -0.000000 
25 25.000000 0.000000 0.000000 80.000000 0.000000 -0.000000 -0.000000 
26 48.000000 0.000000 22.500000 80.000000 0.000000 -0.000000 -0.000000 
27 25.000000 0.000000 45.000000 80.000000 0.000000 -0.000000 -0.000000 
28 -44.000000 0.000000 -45.000000 80.000000 0.000000 0.000000 -0.000000 
29 -90.000000 0.000000 -45.000000 80.000000 0.000000 0.000000 -0.000000 
30 -44.000000 0.000000 -90.000000 80.000000 0.000000 -0.000000 -0.000000 
31 -21.000000 0.000000 22.500000 80.000000 0.000000 0.000000 -0.000000 
32 -44.000000 0.000000 22.500000 80.000000 0.000000 0.000000 -0.000000 
33 -21.000000 0.000000 0.000000 80.000000 0.000000 0.000000 -0.000000 
34 -21.000000 0.000000 45.000000 80.000000 0.000000 -0.000000 -0.000000 
35 25.000000 0.000000 -22.500000 80.000000 0.000000 -0.000000 -0.000000 
36 2.000000 0.000000 -22.500000 80.000000 0.000000 -0.000000 -0.000000 
37 25.000000 0.000000 -45.000000 80.000000 0.000000 -0.000000 -0.000000 
38 48.000000 0.000000 -22.500000 80.000000 0.000000 -0.000000 -0.000000 
39 13.500000 0.000000 11.250000 80.000000 0.000000 -0.000000 -0.000000 
40 2.000000 0.000000 11.250000 80.000000 0.000000 -0.000000 -0.000000 
41 13.500000 0.000000 0.000000 80.000000 0.000000 -0.000000 -0.000000 
42 25.000000 0.000000 11.250000 80.000000 0.000000 -0.000000 -0.000000 
43 13.500000 0.000000 22.500000 80.000000 0.000000 -0.000000 -0.000000 
44 -21.000000 0.000000 -22.500000 80.000000 0.000000 0.000000 -0.000000 
45 -44.000000 0.000000 -22.500000 80.000000 0.000000 0.000000 -0.000000 
46 -21.000000 0.000000 -45.000000 80.000000 0.000000 -0.000000 -0.000000 
47 -9.500000 0.000000 11.250000 80.000000 0.000000 0.000000 -0.000000 
48 -21.000000 0.000000 11.250000 80.000000 0.000000 0.000000 -0.000000 
49 -9.500000 0.000000 0.000000 80.000000 0.000000 0.000000 -0.000000 
50 -9.500000 0.000000 22.500000 80.000000 0.000000 -0.000000 -0.000000 
51 13.500000 0.000000 -11.250000 80.000000 -0.000000 -0.000000 -0.000000 
52 2.000000 0.000000 -11.250000 80.000000 -0.000000 -0.000000 -0.000000 
53 13.500000 0.000000 -22.500000 80.000000 0.000000 -0.000000 -0.000000 
54 25.000000 0.000000 -11.250000 80.000000 -0.000000 -0.000000 -0.000000 
55 7.750000 0.000000 5.625000 80.000000 0.000000 -0.000000 -0.000000 
56 2.000000 0.000000 5.625000 80.000000 0.000000 -0.000000 -0.000000 
57 7.750000 0.000000 0.000000 80.000000 -0.000000 -0.000000 -0.000000 
58 13.500000 0.000000 5.625000 80.000000 0.000000 -0.000000 -0.000000 
59 7.750000 0.000000 11.250000 80.000000 0.000000 -0.000000 -0.000000 
60 -9.500000 0.000000 -11.250000 80.000000 0.000000 0.000000 -0.000000 
61 -21.000000 0.000000 -11.250000 80.000000 0.000000 0.000000 -0.000000 
62 -9.500000 0.000000 -22.500000 80.000000 0.000000 -0.000000 -0.000000 
63 -3.750000 0.000000 5.625000 80.000000 0.000000 0.000000 -0.000000 
64 -9.500000 0.000000 5.625000 80.000000 0.000000 0.000000 -0.000000 
65 -3.750000 0.000000 0.000000 80.000000 0.000000 0.000000 -0.000000 
66 -3.750000 0.000000 11.250000 80.000000 0.000000 -0.000000 -0.000000 
67 7.750000 0.000000 -5.625000 80.000000 -0.000000 -0.000000 0.000000 
68 2.000000 0.000000 -5.625000 80.000000 -0.000000 -0.000000 0.000000 
69 7.750000 0.000000 -11.250000 80.000000 -0.000000 -0.000000 -0.000000 
70 13.500000 0.000000 -5.625000 80.000000 -0.000000 -0.000000 -0.000000 
71 4.875000 0.000000 2.812500 80.000000 0.000000 -0.000000 -0.000000 
72 2.000000 0.000000 2.812500 80.000000 0.000000 -0.000000 -0.000000 
73 4.875000 0.000000 0.000000 80.000000 0.000000 -0.000000 -0.000000 
74 7.750000 0.000000 2.812500 80.000000 0.000000 -0.000000 -0.000000 
75 4.875000 0.000000 5.625000 80.000000 0.000000 -0.000000 -0.000000 
76 -3.750000 0.000000 -5.625000 80.000000 -0.000000 0.000000 0.000000 
77 -9.500000 0.000000 -5.625000 80.000000 0.000000 0.000000 -0.000000 
78 -3.750000 0.000000 -11.250000 80.000000 -0.000000 -0.000000 -0.000000 
79 -0.875000 0.000000 2.812500 80.000000 0.000000 0.000000 -0.000000 
80 -3.750000 0.000000 2.812500 80.000000 0.000000 0.000000 -0.000000 
81 -0.875000 0.000000 0.000000 80.000000 0.000000 0.000000 -0.000000 
82 -0.875000 0.000000 5.625000 80.000000 0.000000 -0.000000 -0.000000 
83 4.875000 0.000000 -2.812500 80.000000 -0.000000 -0.000000 0.000000 
84 2.000000 0.000000 -2.812500 80.000000 -0.000000 -0.000000 0.000000 
85 4.875000 0.000000 -5.625000 80.000000 -0.000000 -0.000000 0.000000 
86 7.750000 0.000000 -2.812500 80.000000 -0.000000 -0.000000 0.000000 
87 3.437500 0.000000 1.406250 80.000000 0.000000 -0.000000 -0.000000 
88 2.000000 0.000000 1.406250 80.000000 0.000000 -0.000000 -0.000000 
89 3.437500 0.000000 0.000000 80.000000 -0.000000 -0.000000 -0.000000 
90 4.875000 0.000000 1.406250 80.000000 0.000000 -0.000000 -0.000000 
91 3.437500 0.000000 2.812500 80.000000 0.000000 -0.000000 -0.000000 
92 -0.875000 0.000000 -2.812500 80.000000 -0.000000 0.000000 0.000000 
93 -3.750000 0.000000 -2.812500 80.000000 -0.000000 0.000000 -0.000000 
94 -0.875000 0.000000 -5.625000 80.000000 -0.000000 -0.000000 0.000000 
95 3.437500 0.000000 -1.406250 80.000000 -0.000000 -0.000000 0.000000 
96 2.000000 0.000000 -1.406250 80.000000 -0.000000 -0.000000 0.000000 
97 3.437500 0.000000 -2.812500 80.000000 -0.000000 -0.000000 0.000000 
98 4.875000 0.000000 -1.406250 80.000000 -0.000000 -0.000000 0.000000 
99 71.000000 0.000000 22.500000 80.000000 0.000000 -0.000000 -0.000000 
100 71.000000 0.000000 0.000000 80.000000 0.000000 -0.000000 -0.000000 
101 94.000000 0.000000 22.500000 80.000000 0.000000 -0.000000 -0.000000 
102 71.000000 0.000000 45.000000 80.000000 0.000000 -0.000000 -0.000000 
103 36.500000 0.000000 11.250000 80.000000 0.000000 -0.000000 -0.000000 
104 36.500000 0.000000 0.000000 80.000000 0.000000 -0.000000 -0.000000 
105 48.000000 0.000000 11.250000 80.000000 0.000000 -0.000000 -0.000000 
106 36.500000 0.000000 22.500000 80.000000 0.000000 -0.000000 -0.000000 
107 19.250000 0.000000 5.625000 80.000000 0.000000 -0.000000 -0.000000 
108 19.250000 0.000000 0.000000 80.000000 0.000000 -0.000000 -0.000000 
109 25.000000 0.000000 5.625000 80.000000 0.000000 -0.000000 -0.000000 
110 19.250000 0.000000 11.250000 80.000000 0.000000 -0.000000 -0.000000 
111 10.625000 0.000000 2.812500 80.000000 0.000000 -0.000000 -0.000000 
112 10.625000 0.000000 0.000000 80.000000 -0.000000 -0.000000 -0.000000 
113 13.500000 0.000000 2.812500 80.000000 0.000000 -0.000000 -0.000000 
114 10.625000 0.000000 5.625000 80.000000 0.000000 -0.000000 -0.000000 
115 6.312500 0.000000 1.406250 80.000000 0.000000 -0.000000 -0.000000 
116 6.312500 0.000000 0.000000 80.000000 -0.000000 -0.000000 -0.000000 
117 7.750000 0.000000 1.406250 80.000000 0.000000 -0.000000 -0.000000 
118 6.312500 0.000000 2.812500 80.000000 0.000000 -0.000000 -0.000000 
119 4.156250 0.000000 0.703125 80.000000 0.000000 -0.000000 -0.000000 
120 3.437500 0.000000 0.703125 80.000000 -0.000000 0.000000 -0.000000 
121 4.156250 0.000000 0.000000 80.000000 -0.000000 -0.000000 -0.000000 
122 4.875000 0.000000 0.703125 80.000000 0.000000 -0.000000 -0.000000 
123 4.156250 0.000000 1.406250 80.000000 0.000000 -0.000000 -0.000000 
124 0.562500 0.000000 1.406250 80.000000 0.000000 0.000000 -0.000000 
125 -0.875000 0.000000 1.406250 80.000000 0.000000 0.000000 -0.000000 
126 0.562500 0.000000 0.000000 80.000000 0.000000 0.000000 -0.000000 
127 0.562500 0.000000 2.812500 80.000000 0.000000 0.000000 -0.000000 
128 2.718750 0.000000 0.703125 80.000000 -0.000000 0.000000 -0.000000 
129 2.000000 0.000000 0.703125 80.000000 -0.000000 0.000000 -0.000000 
130 2.718750 0.000000 0.000000 80.000000 -0.000000 -0.000000 -0.000000 
131 2.718750 0.000000 1.406250 80.000000 0.000000 -0.000000 -0.000000 
132 71.000000 0.000000 -22.500000 80.000000 0.000000 -0.000000 -0.000000 
133 71.000000 0.000000 -45.000000 80.000000 0.000000 -0.000000 -0.000000 
134 94.000000 0.000000 -22.500000 80.000000 0.000000 -0.000000 -0.000000 
135 36.500000 0.000000 -11.250000 80.000000 -0.000000 -0.000000 -0.000000 
136 36.500000 0.000000 -22.500000 80.000000 0.000000 -0.000000 -0.000000 
137 48.000000 0.000000 -11.250000 80.000000 -0.000000 -0.000000 -0.000000 
138 19.250000 0.000000 -5.625000 80.000000 -0.000000 -0.000000 -0.000000 
139 19.250000 0.000000 -11.250000 80.000000 -0.000000 -0.000000 -0.000000 
140 25.000000 0.000000 -5.625000 80.000000 -0.000000 -0.000000 -0.000000 
141 10.625000 0.000000 -2.812500 80.000000 -0.000000 -0.000000 -0.000000 
142 10.625000 0.000000 -5.625000 80.000000 -0.000000 -0.000000 -0.000000 
143 13.500000 0.000000 -2.812500 80.000000 -0.000000 -0.000000 -0.000000 
144 6.312500 0.000000 -1.406250 80.000000 -0.000000 -0.000000 0.000000 
145 6.312500 0.000000 -2.812500 80.000000 -0.000000 -0.000000 0.000000 
146 7.750000 0.000000 -1.406250 80.000000 -0.000000 -0.000000 -0.000000 
147 4.156250 0.000000 -0.703125 80.000000 -0.000000 -0.000000 0.000000 
148 3.437500 0.000000 -0.703125 80.000000 -0.000000 0.000000 -0.000000 
149 4.156250 0.000000 -1.406250 80.000000 -0.000000 -0.000000 0.000000 
150 4.875000 0.000000 -0.703125 80.000000 -0.000000 -0.000000 0.000000 
151 3.796875 0.000000 0.351562 80.000000 -0.000000 -0.000000 -0.000000 
152 3.437500 0.000000 0.351562 80.000000 -0.000000 -0.000000 -0.000000 
153 3.796875 0.000000 0.000000 80.000000 -0.000000 -0.000000 -0.000000 
154 4.156250 0.000000 0.351562 80.000000 0.000000 -0.000000 -0.000000 
155 3.796875 0.000000 0.703125 80.000000 0.000000 -0.000000 -0.000000 
156 0.562500 0.000000 -1.406250 80.000000 -0.000000 0.000000 0.000000 
157 -0.875000 0.000000 -1.406250 80.000000 -0.000000 0.000000 0.000000 
158 0.562500 0.000000 -2.812500 80.000000 -0.000000 0.000000 0.000000 
159 2.718750 0.000000 -0.703125 80.000000 -0.000000 0.000000 -0.000000 
160 2.000000 0.000000 -0.703125 80.000000 -0.000000 0.000000 -0.000000 
161 2.718750 0.000000 -1.406250 80.000000 -0.000000 -0.000000 0.000000 
162 3.078125 0.000000 0.351562 80.000000 -0.000000 0.000000 -0.000000 
163 2.718750 0.000000 0.351562 80.000000 -0.000000 -0.000000 -0.000000 
164 3.078125 0.000000 0.000000 80.000000 -0.000000 0.000000 -0.000000 
165 3.078125 0.000000 0.703125 80.000000 0.000000 -0.000000 -0.000000 
166 3.796875 0.000000 -0.351562 80.000000 -0.000000 -0.000000 -0.000000 
167 3.437500 0.000000 -0.351562 80.000000 -0.000000 -0.000000 -0.000000 
168 3.796875 0.000000 -0.703125 80.000000 0.000000 -0.000000 -0.000000 
169 4.156250 0.000000 -0.351562 80.000000 0.000000 -0.000000 -0.000000 
170 3.617188 0.000000 0.175781 80.000000 -0.000000 -0.000000 -0.000000 
171 3.437500 0.000000 0.175781 80.000000 -0.000000 -0.000000 -0.000000 
172 3.617188 0.000000 0.000000 80.000000 -0.000000 0.000000 -0.000000 
173 3.796875 0.000000 0.175781 80.000000 -0.000000 -0.000000 -0.000000 
174 3.617188 0.000000 0.351562 80.000000 -0.000000 -0.000000 -0.000000 
175 3.078125 0.000000 -0.351562 80.000000 -0.000000 0.000000 -0.000000 
176 2.718750 0.000000 -0.351562 80.000000 -0.000000 -0.000000 -0.000000 
177 3.078125 0.000000 -0.703125 80.000000 -0.000000 -0.000000 0.000000 
178 3.617188 0.000000 -0.175781 80.000000 -0.000000 -0.000000 -0.000000 
179 3.437500 0.000000 -0.175781 80.000000 -0.000000 -0.000000 -0.000000 
180 3.617188 0.000000 -0.351562 80.000000 -0.000000 -0.000000 -0.000000 
181 3.796875 0.000000 -0.175781 80.000000 -0.000000 -0.000000 -0.000000 
182 5.593750 0.000000 0.703125 80.000000 0.000000 -0.000000 -0.000000 
183 5.593750 0.000000 0.000000 80.000000 -0.000000 -0.000000 -0.000000 
184 6.312500 0.000000 0.703125 80.000000 0.000000 -0.000000 -0.000000 
185 5.593750 0.000000 1.406250 80.000000 0.000000 -0.000000 -0.000000 
186 4.515625 0.000000 0.351562 80.000000 0.000000 -0.000000 -0.000000 
187 4.515625 0.000000 0.000000 80.000000 0.000000 -0.000000 -0.000000 
188 4.875000 0.000000 0.351562 80.000000 0.000000 -0.000000 -0.000000 
189 4.515625 0.000000 0.703125 80.000000 0.000000 -0.000000 -0.000000 
190 3.976562 0.000000 0.175781 80.000000 -0.000000 -0.000000 -0.000000 
191 3.976562 0.000000 0.000000 80.000000 0.000000 -0.000000 -0.000000 
192 4.156250 0.000000 0.175781 80.000000 0.000000 -0.000000 -0.000000 
193 3.976562 0.000000 0.351562 80.000000 -0.000000 -0.000000 -0.000000 
194 3.707031 0.000000 0.087891 80.000000 -0.000000 -0.000000 -0.000000 
195 3.617188 0.000000 0.087891 80.000000 -0.000000 0.000000 -0.000000 
196 3.707031 0.000000 0.000000 80.000000 -0.000000 0.000000 -0.000000 
197 3.796875 0.000000 0.087891 80.000000 -0.000000 -0.000000 -0.000000 
198 3.707031 0.000000 0.175781 80.000000 -0.000000 -0.000000 -0.000000 
199 1.281250 0.000000 0.703125 80.000000 -0.000000 0.000000 -0.000000 
200 0.562500 0.000000 0.703125 80.000000 0.000000 0.000000 -0.000000 
201 1.281250 0.000000 0.000000 80.000000 -0.000000 -0.000000 -0.000000 
202 1.281250 0.000000 1.406250 80.000000 0.000000 -0.000000 -0.000000 
203 2.359375 0.000000 0.351562 80.000000 -0.000000 -0.000000 -0.000000 
204 2.000000 0.000000 0.351562 80.000000 -0.000000 -0.000000 -0.000000 
205 2.359375 0.000000 0.000000 80.000000 -0.000000 -0.000000 -0.000000 
206 2.359375 0.000000 0.703125 80.000000 -0.000000 -0.000000 -0.000000 
207 1.281250 0.000000 -0.703125 80.000000 -0.000000 0.000000 -0.000000 
208 0.562500 0.000000 -0.703125 80.000000 0.000000 0.000000 -0.000000 
209 1.281250 0.000000 -1.406250 80.000000 -0.000000 -0.000000 0.000000 
210 1.640625 0.000000 0.351562 80.000000 -0.000000 -0.000000 -0.000000 
211 1.281250 0.000000 0.351562 80.000000 -0.000000 -0.000000 -0.000000 
212 1.640625 0.000000 0.000000 80.000000 -0.000000 -0.000000 -0.000000 
213 1.640625 0.000000 0.703125 80.000000 -0.000000 -0.000000 -0.000000 
214 -67.000000 0.000000 22.500000 80.000000 0.000000 0.000000 -0.000000 
215 -90.000000 0.000000 22.500000 80.000000 0.000000 0.000000 -0.000000 
216 -67.000000 0.000000 0.000000 80.000000 0.000000 0.000000 -0.000000 
217 -67.000000 0.000000 45.000000 80.000000 0.000000 0.000000 -0.000000 
218 -32.500000 0.000000 11.250000 80.000000 0.000000 0.000000 -0.000000 
219 -44.000000 0.000000 11.250000 80.000000 0.000000 0.000000 -0.000000 
220 -32.500000 0.000000 0.000000 80.000000 0.000000 0.000000 -0.000000 
221 -32.500000 0.000000 22.500000 80.000000 0.000000 0.000000 -0.000000 
222 -15.250000 0.000000 5.625000 80.000000 0.000000 0.000000 -0.000000 
223 -21.000000 0.000000 5.625000 80.000000 0.000000 0.000000 -0.000000 
224 -15.250000 0.000000 0.000000 80.000000 0.000000 0.000000 -0.000000 
225 -15.250000 0.000000 11.250000 80.000000 0.000000 0.000000 -0.000000 
226 -6.625000 0.000000 2.812500 80.000000 0.000000 0.000000 -0.000000 
227 -9.500000 0.000000 2.812500 80.000000 0.000000 0.000000 -0.000000 
228 -6.625000 0.000000 0.000000 80.000000 0.000000 0.000000 -0.000000 
229 -6.625000 0.000000 5.625000 80.000000 0.000000 0.000000 -0.000000 
230 -2.312500 0.000000 1.406250 80.000000 0.000000 0.000000 -0.000000 
231 -3.750000 0.000000 1.406250 80.000000 0.000000 0.000000 -0.000000 
232 -2.312500 0.000000 0.000000 80.000000 0.000000 0.000000 -0.000000 
233 -2.312500 0.000000 2.812500 80.000000 0.000000 0.000000 -0.000000 
234 -0.156250 0.000000 0.703125 80.000000 0.000000 0.000000 -0.000000 
235 -0.875000 0.000000 0.703125 80.000000 0.000000 0.000000 -0.000000 
236 -0.156250 0.000000 0.000000 80.000000 0.000000 0.000000 -0.000000 
237 -0.156250 0.000000 1.406250 80.000000 0.000000 0.000000 -0.000000 
238 0.921875 0.000000 0.351562 80.000000 -0.000000 -0.000000 -0.000000 
239 0.562500 0.000000 0.351562 80.000000 0.000000 0.000000 -0.000000 
240 0.921875 0.000000 0.000000 80.000000 -0.000000 -0.000000 -0.000000 
241 0.921875 0.000000 0.703125 80.000000 -0.000000 0.000000 -0.000000 
242 1.640625 0.000000 -0.351562 80.000000 -0.000000 -0.000000 -0.000000 
243 1.281250 0.000000 -0.351562 80.000000 -0.000000 -0.000000 -0.000000 
244 1.640625 0.000000 -0.703125 80.000000 -0.000000 -0.000000 -0.000000 
245 2.000000 0.000000 -0.351562 80.000000 -0.000000 -0.000000 -0.000000 
246 1.460938 0.000000 0.175781 80.000000 -0.000000 -0.000000 -0.000000 
247 1.281250 0.000000 0.175781 80.000000 -0.000000 -0.000000 -0.000000 
248 1.460938 0.000000 0.000000 80.000000 -0.000000 -0.000000 -0.000000 
249 1.640625 0.000000 0.175781 80.000000 -0.000000 -0.000000 -0.000000 
250 1.460938 0.000000 0.351562 80.000000 -0.000000 -0.000000 -0.000000 
251 -67.000000 0.000000 -22.500000 80.000000 0.000000 0.000000 -0.000000 
252 -90.000000 0.000000 -22.500000 80.000000 0.000000 0.000000 -0.000000 
253 -67.000000 0.000000 -45.000000 80.000000 0.000000 0.000000 -0.000000 
254 -32.500000 0.000000 -11.250000 80.000000 0.000000 0.000000 -0.000000 
255 -44.000000 0.000000 -11.250000 80.000000 0.000000 0.000000 -0.000000 
256 -32.500000 0.000000 -22.500000 80.000000 0.000000 0.000000 -0.000000 
257 -15.250000 0.000000 -5.625000 80.000000 0.000000 0.000000 -0.000000 
258 -21.000000 0.000000 -5.625000 80.000000 0.000000 0.000000 -0.000000 
259 -15.250000 0.000000 -11.250000 80.000000 0.000000 0.000000 -0.000000 
260 -6.625000 0.000000 -2.812500 80.000000 -0.000000 0.000000 -0.000000 
261 -9.500000 0.000000 -2.812500 80.000000 0.000000 0.000000 -0.000000 
262 -6.625000 0.000000 -5.625000 80.000000 -0.000000 0.000000 -0.000000 
263 -2.312500 0.000000 -1.406250 80.000000 -0.000000 0.000000 0.000000 
264 -3.750000 0.000000 -1.406250 80.000000 -0.000000 0.000000 -0.000000 
265 -2.312500 0.000000 -2.812500 80.000000 -0.000000 0.000000 0.000000 
266 -0.156250 0.000000 -0.703125 80.000000 -0.000000 0.000000 0.000000 
267 -0.875000 0.000000 -0.703125 80.000000 -0.000000 0.000000 0.000000 
268 -0.156250 0.000000 -1.406250 80.000000 -0.000000 0.000000 0.000000 
269 0.203125 0.000000 0.351562 80.000000 0.000000 0.000000 -0.000000 
270 -0.156250 0.000000 0.351562 80.000000 0.000000 0.000000 -0.000000 
271 0.203125 0.000000 0.000000 80.000000 0.000000 0.000000 -0.000000 
272 0.203125 0.000000 0.703125 80.000000 0.000000 0.000000 -0.000000 
273 0.203125 0.000000 -0.351562 80.000000 0.000000 0.000000 -0.000000 
274 -0.156250 0.000000 -0.351562 80.000000 0.000000 0.000000 -0.000000 
275 0.203125 0.000000 -0.703125 80.000000 0.000000 0.000000 -0.000000 
276 0.562500 0.000000 -0.351562 80.000000 0.000000 0.000000 -0.000000 
277 0.382812 0.000000 0.175781 80.000000 0.000000 0.000000 -0.000000 
278 0.203125 0.000000 0.175781 80.000000 0.000000 0.000000 -0.000000 
279 0.382812 0.000000 0.000000 80.000000 0.000000 0.000000 -0.000000 
280 0.562500 0.000000 0.175781 80.000000 0.000000 0.000000 -0.000000 
281 0.382812 0.000000 0.351562 80.000000 0.000000 0.000000 -0.000000 
282 -1.593750 0.000000 0.703125 80.000000 0.000000 0.000000 -0.000000 
283 -2.312500 0.000000 0.703125 80.000000 0.000000 0.000000 -0.000000 
284 -1.593750 0.000000 0.000000 80.000000 0.000000 0.000000 -0.000000 
285 -1.593750 0.000000 1.406250 80.000000 0.000000 0.000000 -0.000000 
286 -0.515625 0.000000 0.351562 80.000000 0.000000 0.000000 -0.000000 
287 -0.875000 0.000000 0.351562 80.000000 0.000000 0.000000 -0.000000 
288 -0.515625 0.000000 0.000000 80.000000 0.000000 0.000000 -0.000000 
289 -0.515625 0.000000 0.703125 80.000000 0.000000 0.000000 -0.000000 
290 0.023438 0.000000 0.175781 80.000000 0.000000 0.000000 -0.000000 
291 -0.156250 0.000000 0.175781 80.000000 0.000000 0.000000 -0.000000 
292 0.023438 0.000000 0.000000 80.000000 0.000000 0.000000 -0.000000 
293 0.023438 0.000000 0.351562 80.000000 0.000000 0.000000 -0.000000 
294 -1.593750 0.000000 -0.703125 80.000000 -0.000000 0.000000 0.000000 
295 -2.312500 0.000000 -0.703125 80.000000 -0.000000 0.000000 -0.000000 
296 -1.593750 0.000000 -1.406250 80.000000 -0.000000 0.000000 0.000000 
297 -0.515625 0.000000 -0.351562 80.000000 0.000000 0.000000 -0.000000 
298 -0.875000 0.000000 -0.351562 80.000000 -0.000000 0.000000 0.000000 
299 -0.515625 0.000000 -0.703125 80.000000 -0.000000 0.000000 0.000000 
300 0.023438 0.000000 -0.175781 80.000000 0.000000 0.000000 -0.000000 
301 -0.156250 0.000000 -0.175781 80.000000 0.000000 0.000000 -0.000000 
302 0.023438 0.000000 -0.351562 80.000000 0.000000 0.000000 -0.000000 
303 0.203125 0.000000 -0.175781 80.000000 0.000000 0.000000 -0.000000 
304 0.113281 0.000000 0.087891 80.000000 0.000000 0.000000 -0.000000 
305 0.023438 0.000000 0.087891 80.000000 0.000000 0.000000 -0.000000 
306 0.113281 0.000000 0.000000 80.000000 0.000000 0.000000 -0.000000 
307 0.203125 0.000000 0.087891 80.000000 0.000000 0.000000 -0.000000 
308 0.113281 0.000000 0.175781 80.000000 0.000000 0.000000 -0.000000 
309 -0.335938 0.000000 0.175781 80.000000 0.000000 0.000000 -0.000000 
310 -0.515625 0.000000 0.175781 80.000000 0.000000 0.000000 -0.000000 
311 -0.335938 0.000000 0.000000 80.000000 0.000000 0.000000 -0.000000 
312 -0.335938 0.000000 0.351562 80.000000 0.000000 0.000000 -0.000000 
313 -0.066406 0.000000 0.087891 80.000000 0.000000 0.000000 -0.000000 
314 -0.156250 0.000000 0.087891 80.000000 0.000000 0.000000 -0.000000 
315 -0.066406 0.000000 0.000000 80.000000 0.000000 0.000000 -0.000000 
316 -0.066406 0.000000 0.175781 80.000000 0.000000 0.000000 -0.000000 
317 0.921875 0.000000 -0.351562 80.000000 -0.000000 -0.000000 -0.000000 
318 0.921875 0.000000 -0.703125 80.000000 -0.000000 0.000000 -0.000000 
319 0.382812 0.000000 -0.175781 80.000000 0.000000 0.000000 -0.000000 
320 0.382812 0.000000 -0.351562 80.000000 0.000000 0.000000 -0.000000 
321 0.562500 0.000000 -0.175781 80.000000 0.000000 0.000000 -0.000000 
322 0.113281 0.000000 -0.087891 80.000000 0.000000 0.000000 -0.000000 
323 0.023438 0.000000 -0.087891 80.000000 0.000000 0.000000 -0.000000 
324 0.113281 0.000000 -0.175781 80.000000 0.000000 0.000000 -0.000000 
325 0.203125 0.000000 -0.087891 80.000000 0.000000 0.000000 -0.000000 
326 0.068359 0.000000 0.043945 80.000000 0.000000 0.000000 -0.000000 
327 0.023438 0.000000 0.043945 80.000000 0.000000 0.000000 -0.000000 
328 0.068359 0.000000 0.000000 80.000000 0.000000 0.000000 -0.000000 
329 0.113281 0.000000 0.043945 80.000000 0.000000 0.000000 -0.000000 
330 0.068359 0.000000 0.087891 80.000000 0.000000 0.000000 -0.000000 
331 5.593750 0.000000 -0.703125 80.000000 -0.000000 -0.000000 0.000000 
332 5.593750 0.000000 -1.406250 80.000000 -0.000000 -0.000000 0.000000 
333 6.312500 0.000000 -0.703125 80.000000 -0.000000 -0.000000 0.000000 
334 4.515625 0.000000 -0.351562 80.000000 0.000000 -0.000000 -0.000000 
335 4.515625 0.000000 -0.703125 80.000000 -0.000000 -0.000000 0.000000 
336 4.875000 0.000000 -0.351562 80.000000 -0.000000 -0.000000 0.000000 
337 3.976562 0.000000 -0.175781 80.000000 -0.000000 -0.000000 -0.000000 
338 3.976562 0.000000 -0.351562 80.000000 -0.000000 -0.000000 -0.000000 
339 4.156250 0.000000 -0.175781 80.000000 0.000000 -0.000000 -0.000000 
340 3.886719 0.000000 0.087891 80.000000 -0.000000 -0.000000 -0.000000 
341 3.886719 0.000000 0.000000 80.000000 -0.000000 -0.000000 -0.000000 
342 3.976562 0.000000 0.087891 80.000000 -0.000000 -0.000000 -0.000000 
343 3.886719 0.000000 0.175781 80.000000 -0.000000 -0.000000 -0.000000 
344 2.359375 0.000000 -0.351562 80.000000 -0.000000 -0.000000 -0.000000 
345 2.359375 0.000000 -0.703125 80.000000 -0.000000 -0.000000 -0.000000 
346 -0.335938 0.000000 -0.175781 80.000000 0.000000 0.000000 -0.000000 
347 -0.515625 0.000000 -0.175781 80.000000 0.000000 0.000000 -0.000000 
348 -0.335938 0.000000 -0.351562 80.000000 0.000000 0.000000 -0.000000 
349 -0.066406 0.000000 -0.087891 80.000000 0.000000 0.000000 -0.000000 
350 -0.156250 0.000000 -0.087891 80.000000 0.000000 0.000000 -0.000000 
351 -0.066406 0.000000 -0.175781 80.000000 0.000000 0.000000 -0.000000 
1 10 13 3 14 
2 11 10 14 9 
3 15 11 9 18 
4 16 15 18 4 
5 7 21 19 20 
6 21 2 22 19 
7 23 26 10 27 
8 24 23 27 11 
9 1 30 28 29 
10 30 7 20 28 
11 31 24 11 34 
12 32 31 34 15 
13 20 37 35 36 
14 37 19 38 35 
15 39 42 23 43 
16 40 39 43 24 
17 28 46 44 45 
18 46 20 36 44 
19 47 40 24 50 
20 48 47 50 31 
21 36 53 51 52 
22 53 35 54 51 
23 55 58 39 59 
24 56 55 59 40 
25 44 62 60 61 
26 62 36 52 60 
27 63 56 40 66 
28 64 63 66 47 
29 52 69 67 68 
30 69 51 70 67 
31 71 74 55 75 
32 72 71 75 56 
33 60 78 76 77 
34 78 52 68 76 
35 79 72 56 82 
36 80 79 82 63 
37 68 85 83 84 
38 85 67 86 83 
39 87 90 71 91 
40 88 87 91 72 
41 76 94 92 93 
42 94 68 84 92 
43 84 97 95 96 
44 97 83 98 95 
45 12 100 99 26 
46 100 8 101 99 
47 99 101 13 102 
48 26 99 102 10 
49 25 104 103 42 
50 104 12 105 103 
51 103 105 26 106 
52 42 103 106 23 
53 41 108 107 58 
54 108 25 109 107 
55 107 109 42 110 
56 58 107 110 39 
57 57 112 111 74 
58 112 41 113 111 
59 111 113 58 114 
60 74 111 114 55 
61 116 57 117 115 
62 115 117 74 118 
63 90 115 118 71 
64 119 122 90 123 
65 120 119 123 87 
66 124 88 72 127 
67 125 124 127 79 
68 128 120 87 131 
69 129 128 131 88 
70 19 133 132 38 
71 133 22 134 132 
72 132 134 8 100 
73 38 132 100 12 
74 35 136 135 54 
75 136 38 137 135 
76 135 137 12 104 
77 54 135 104 25 
78 51 139 138 70 
79 139 54 140 138 
80 138 140 25 108 
81 70 138 108 41 
82 67 142 141 86 
83 142 70 143 141 
84 141 143 41 112 
85 86 141 112 57 
86 83 145 144 98 
87 145 86 146 144 
88 144 146 57 116 
89 95 149 147 148 
90 149 98 150 147 
91 151 154 119 155 
92 152 151 155 120 
93 92 158 156 157 
94 158 84 96 156 
95 96 161 159 160 
96 161 95 148 159 
97 130 164 162 163 
98 164 89 152 162 
99 162 152 120 165 
100 163 162 165 128 
101 148 168 166 167 
102 168 147 169 166 
103 89 172 170 171 
104 170 173 151 174 
105 171 170 174 152 
106 159 177 175 176 
107 177 148 167 175 
108 175 167 89 164 
109 176 175 164 130 
110 167 180 178 179 
111 180 166 181 178 
112 178 181 153 172 
113 179 178 172 89 
114 73 183 182 122 
115 183 116 184 182 
116 182 184 115 185 
117 122 182 185 90 
118 121 187 186 154 
119 187 73 188 186 
120 186 188 122 189 
121 154 186 189 119 
122 191 121 192 190 
123 190 192 154 193 
124 173 190 193 151 
125 172 196 194 195 
126 196 153 197 194 
127 194 197 173 198 
128 195 194 198 170 
129 199 129 88 202 
130 200 199 202 124 
131 5 205 203 204 
132 205 130 163 203 
133 203 163 128 206 
134 204 203 206 129 
135 156 209 207 208 
136 209 96 160 207 
137 212 5 204 210 
138 210 204 129 213 
139 211 210 213 199 
140 6 216 214 215 
141 216 17 32 214 
142 214 32 15 217 
143 215 214 217 16 
144 17 220 218 219 
145 220 33 48 218 
146 218 48 31 221 
147 219 218 221 32 
148 33 224 222 223 
149 224 49 64 222 
150 222 64 47 225 
151 223 222 225 48 
152 49 228 226 227 
153 228 65 80 226 
154 226 80 63 229 
155 227 226 229 64 
156 65 232 230 231 
157 230 125 79 233 
158 231 230 233 80 
159 234 200 124 237 
160 235 234 237 125 
161 126 240 238 239 
162 240 201 211 238 
163 238 211 199 241 
164 239 238 241 200 
165 207 244 242 243 
166 244 160 245 242 
167 242 245 5 212 
168 243 242 212 201 
169 201 248 246 247 
170 248 212 249 246 
171 246 249 210 250 
172 247 246 250 211 
173 29 253 251 252 
174 253 28 45 251 
175 251 45 17 216 
176 252 251 216 6 
177 45 256 254 255 
178 256 44 61 254 
179 254 61 33 220 
180 255 254 220 17 
181 61 259 257 258 
182 259 60 77 257 
183 257 77 49 224 
184 258 257 224 33 
185 77 262 260 261 
186 262 76 93 260 
187 260 93 65 228 
188 261 260 228 49 
189 93 265 263 264 
190 265 92 157 263 
191 264 263 232 65 
192 157 268 266 267 
193 268 156 208 266 
194 269 239 200 272 
195 270 269 272 234 
196 266 275 273 274 
197 275 208 276 273 
198 271 279 277 278 
199 279 126 280 277 
200 277 280 239 281 
201 278 277 281 269 
202 232 284 282 283 
203 284 81 235 282 
204 282 235 125 285 
205 283 282 285 230 
206 81 288 286 287 
207 286 270 234 289 
208 287 286 289 235 
209 290 278 269 293 
210 291 290 293 270 
211 263 296 294 295 
212 296 157 267 294 
213 294 267 81 284 
214 295 294 284 232 
215 267 299 297 298 
216 299 266 274 297 
217 298 297 288 81 
218 274 302 300 301 
219 302 273 303 300 
220 306 271 307 304 
221 304 307 278 308 
222 305 304 308 290 
223 288 311 309 310 
224 311 236 291 309 
225 309 291 270 312 
226 310 309 312 286 
227 236 315 313 314 
228 315 292 305 313 
229 313 305 290 316 
230 314 313 316 291 
231 208 318 317 276 
232 318 207 243 317 
233 317 243 201 240 
234 276 317 240 126 
235 273 320 319 303 
236 320 276 321 319 
237 319 321 126 279 
238 303 319 279 271 
239 300 324 322 323 
240 324 303 325 322 
241 322 325 271 306 
242 323 322 306 292 
243 292 328 326 327 
244 328 306 329 326 
245 326 329 304 330 
246 327 326 330 305 
247 98 332 331 150 
248 332 144 333 331 
249 331 333 116 183 
250 150 331 183 73 
251 147 335 334 169 
252 335 150 336 334 
253 334 336 73 187 
254 169 334 187 121 
255 166 338 337 181 
256 338 169 339 337 
257 337 339 121 191 
258 181 337 191 153 
259 153 341 340 197 
260 341 191 342 340 
261 340 342 190 343 
262 197 340 343 173 
263 160 345 344 245 
264 345 159 176 344 
265 344 176 130 205 
266 245 344 205 5 
267 297 348 346 347 
268 348 274 301 346 
269 346 301 236 311 
270 347 346 311 288 
271 301 351 349 350 
272 351 300 323 349 
273 349 323 292 315 
274 350 349 315 236 
