2 0.000000 80.000000 4633.168973
351 274 
1 -90.000000 0.000000 -90.000000 79.692481 0.000000 6.972960 0.000076 
2 94.000000 0.000000 -90.000000 79.693525 0.000000 6.955739 0.000087 
3 94.000000 0.000000 90.000000 79.700559 0.000001 6.948792 -0.000073 
4 -90.000000 0.000000 90.000000 79.699172 0.000000 6.972759 -0.000090 
5 2.000000 0.000000 0.000000 79.777013 0.000012 -0.000225 0.005567 
6 -90.000000 0.000000 0.000000 79.695959 0.000000 6.977164 -0.000020 
7 2.000000 0.000000 -90.000000 79.686773 0.000000 6.963456 0.000239 
8 94.000000 0.000000 0.000000 79.810994 0.000070 5.643998 -0.000258 
9 2.000000 0.000000 90.000000 79.706016 0.000000 6.961865 -0.000237 
10 48.000000 0.000000 45.000000 79.715345 0.000002 6.875841 -0.000283 
11 2.000000 0.000000 45.000000 79.736872 0.000001 6.927938 -0.000932 
12 48.000000 0.000000 0.000000 79.878743 0.000036 4.842132 -0.000634 
13 94.000000 0.000000 45.000000 79.707837 0.000003 6.861597 -0.000066 
14 48.000000 0.000000 90.000000 79.703606 0.000000 6.952954 -0.000158 
15 -44.000000 0.000000 45.000000 79.710094 0.000000 6.973783 -0.000364 
16 -90.000000 0.000000 45.000000 79.699257 0.000000 6.975173 -0.000098 
17 -44.000000 0.000000 0.000000 79.697110 0.000000 6.990632 -0.000078 
18 -44.000000 0.000000 90.000000 79.702899 0.000000 6.970319 -0.000178 
19 48.000000 0.000000 -45.000000 79.687855 0.000002 6.903365 0.000342 
20 2.000000 0.000000 -45.000000 79.660917 0.000001 6.934164 0.000946 
21 48.000000 0.000000 -90.000000 79.689974 0.000000 6.956799 0.000174 
22 94.000000 0.000000 -45.000000 79.696836 0.000002 6.915313 0.000093 
23 25.000000 0.000000 22.500000 79.766741 0.000008 6.643030 -0.001072 
24 2.000000 0.000000 22.500000 79.850780 0.000004 6.813281 -0.003526 
25 25.000000 0.000000 0.000000 79.921816 -0.000178 4.244392 -0.000861 
26 48.000000 0.000000 22.500000 79.741242 0.000012 6.562115 -0.000270 
27 25.000000 0.000000 45.000000 79.727128 0.000002 6.892528 -0.000613 
28 -44.000000 0.000000 -45.000000 79.682966 0.000000 6.974532 0.000310 
29 -90.000000 0.000000 -45.000000 79.692551 0.000000 6.975322 0.000069 
30 -44.000000 0.000000 -90.000000 79.689139 0.000000 6.970849 0.000164 
31 -21.000000 0.000000 22.500000 79.753912 0.000001 6.980212 -0.001470 
32 -44.000000 0.000000 22.500000 79.710606 0.000000 6.982547 -0.000396 
33 -21.000000 0.000000 0.000000 79.700605 0.000002 7.051586 -0.000299 
34 -21.000000 0.000000 45.000000 79.725038 0.000001 6.962424 -0.000712 
35 25.000000 0.000000 -22.500000 79.664824 0.000008 6.725946 0.001293 
36 2.000000 0.000000 -22.500000 79.562224 0.000004 6.832040 0.003621 
37 25.000000 0.000000 -45.000000 79.673942 0.000002 6.907649 0.000679 
38 48.000000 0.000000 -22.500000 79.700956 0.000008 6.745174 0.000353 
39 13.500000 0.000000 11.250000 79.923445 0.000023 6.018220 -0.003746 
40 2.000000 0.000000 11.250000 80.214832 0.000009 6.464121 -0.011907 
41 13.500000 0.000000 0.000000 79.925143 -0.000450 3.819768 -0.000409 
42 25.000000 0.000000 11.250000 79.823438 0.000035 5.913046 -0.001054 
43 13.500000 0.000000 22.500000 79.811055 0.000006 6.694702 -0.002285 
44 -21.000000 0.000000 -22.500000 79.643840 0.000001 6.982697 0.001266 
45 -44.000000 0.000000 -22.500000 79.683196 0.000000 6.983132 0.000285 
46 -21.000000 0.000000 -45.000000 79.669713 0.000001 6.964519 0.000661 
47 -9.500000 0.000000 11.250000 79.923481 0.000003 7.004083 -0.005753 
48 -21.000000 0.000000 11.250000 79.756261 0.000001 7.017281 -0.001610 
49 -9.500000 0.000000 0.000000 79.710144 0.000005 7.296859 -0.001086 
50 -9.500000 0.000000 22.500000 79.811166 0.000002 6.937343 -0.002805 
51 13.500000 0.000000 -11.250000 79.580354 0.000028 6.188662 0.004479 
52 2.000000 0.000000 -11.250000 79.236483 0.000012 6.505633 0.012384 
53 13.500000 0.000000 -22.500000 79.613006 0.000007 6.739861 0.002554 
54 25.000000 0.000000 -11.250000 79.702974 0.000033 6.272145 0.001265 
55 7.750000 0.000000 5.625000 80.285760 0.000013 4.999473 -0.011062 
56 2.000000 0.000000 5.625000 81.086169 0.000011 5.751388 -0.032507 
57 7.750000 0.000000 0.000000 79.878283 -0.000175 3.245842 0.001394 
58 13.500000 0.000000 5.625000 79.980991 0.000020 4.975829 -0.003393 
59 7.750000 0.000000 11.250000 80.069683 0.000015 6.141150 -0.007636 
60 -9.500000 0.000000 -11.250000 79.488918 0.000004 7.011295 0.005055 
61 -21.000000 0.000000 -11.250000 79.643758 0.000001 7.019136 0.001188 
62 -9.500000 0.000000 -22.500000 79.592074 0.000002 6.943947 0.002638 
63 -3.750000 0.000000 5.625000 80.503875 0.000007 7.116829 -0.020550 
64 -9.500000 0.000000 5.625000 79.933011 0.000004 7.154669 -0.006324 
65 -3.750000 0.000000 0.000000 79.726712 0.000009 8.259225 -0.003838 
66 -3.750000 0.000000 11.250000 80.117863 0.000006 6.849454 -0.010279 
67 7.750000 0.000000 -5.625000 79.299243 0.000032 5.160002 0.013282 
68 2.000000 0.000000 -5.625000 78.415239 0.000020 5.801643 0.033967 
69 7.750000 0.000000 -11.250000 79.411005 0.000020 6.234151 0.008598 
70 13.500000 0.000000 -5.625000 79.659150 0.000051 5.320904 0.004079 
71 4.875000 0.000000 2.812500 80.881194 -0.000018 3.816504 -0.024427 
72 2.000000 0.000000 2.812500 82.404900 0.000004 4.636977 -0.064386 
73 4.875000 0.000000 0.000000 79.825636 0.000945 2.111134 0.003658 
74 7.750000 0.000000 2.812500 80.240930 -0.000063 4.000278 -0.008533 
75 4.875000 0.000000 5.625000 80.658502 0.000012 5.172079 -0.020710 
76 -3.750000 0.000000 -5.625000 78.939635 0.000009 7.131077 0.018388 
77 -9.500000 0.000000 -5.625000 79.484752 0.000005 7.159570 0.004830 
78 -3.750000 0.000000 -11.250000 79.309173 0.000007 6.866316 0.009829 
79 -0.875000 0.000000 2.812500 82.122878 0.000009 7.283371 -0.062065 
80 -3.750000 0.000000 2.812500 80.556622 0.000008 7.676282 -0.023171 
81 -0.875000 0.000000 0.000000 79.744431 0.000013 12.993429 -0.020001 
82 -0.875000 0.000000 5.625000 80.992783 0.000009 6.642466 -0.031868 
83 4.875000 0.000000 -2.812500 78.721367 0.000020 3.897204 0.029337 
84 2.000000 0.000000 -2.812500 77.127940 0.000024 4.673473 0.067100 
85 4.875000 0.000000 -5.625000 78.885022 0.000026 5.265707 0.023348 
86 7.750000 0.000000 -2.812500 79.431431 -0.000002 4.161842 0.011457 
87 3.437500 0.000000 1.406250 81.803179 -0.000026 2.538266 -0.046594 
88 2.000000 0.000000 1.406250 83.619666 -0.000005 3.119387 -0.094059 
89 3.437500 0.000000 0.000000 79.801589 -0.000005 -0.000377 0.004954 
90 4.875000 0.000000 1.406250 80.685871 -0.000060 2.849343 -0.018489 
91 3.437500 0.000000 2.812500 81.579089 -0.000004 3.957383 -0.042314 
92 -0.875000 0.000000 -2.812500 77.359382 0.000016 7.300354 0.056599 
93 -3.750000 0.000000 -2.812500 78.893950 0.000010 7.684760 0.018233 
94 -0.875000 0.000000 -5.625000 78.474504 0.000014 6.668832 0.030825 
95 3.437500 0.000000 -1.406250 77.781684 0.000029 2.570902 0.053656 
96 2.000000 0.000000 -1.406250 75.924959 0.000028 3.140041 0.097741 
97 3.437500 0.000000 -2.812500 77.986918 0.000025 4.011759 0.047179 
98 4.875000 0.000000 -1.406250 78.945776 0.000009 2.903352 0.024865 
99 71.000000 0.000000 22.500000 79.741485 0.000015 6.483287 -0.000115 
100 71.000000 0.000000 0.000000 79.845724 0.000076 5.239864 -0.000437 
101 94.000000 0.000000 22.500000 79.745913 0.000019 6.411278 -0.000080 
102 71.000000 0.000000 45.000000 79.710087 0.000003 6.865565 -0.000130 
103 36.500000 0.000000 11.250000 79.810255 0.000041 5.793042 -0.000506 
104 36.500000 0.000000 0.000000 79.901206 -0.000034 4.557355 -0.000777 
105 48.000000 0.000000 11.250000 79.816540 0.000047 5.642740 -0.000394 
106 36.500000 0.000000 22.500000 79.746483 0.000010 6.613618 -0.000506 
107 19.250000 0.000000 5.625000 79.913668 0.000022 4.920246 -0.001625 
108 19.250000 0.000000 0.000000 79.928626 -0.000296 4.063079 -0.000796 
109 25.000000 0.000000 5.625000 79.899069 0.000011 4.829345 -0.001122 
110 19.250000 0.000000 11.250000 79.852639 0.000030 5.962643 -0.001875 
111 10.625000 0.000000 2.812500 80.046662 -0.000117 4.160257 -0.003871 
112 10.625000 0.000000 0.000000 79.911197 -0.000418 3.615142 0.000177 
113 13.500000 0.000000 2.812500 79.982623 -0.000163 4.208868 -0.002334 
114 10.625000 0.000000 5.625000 80.075269 0.000015 4.987435 -0.005769 
115 6.312500 0.000000 1.406250 80.256093 -0.000117 3.259369 -0.008072 
116 6.312500 0.000000 0.000000 79.853773 0.000076 2.880475 0.002356 
117 7.750000 0.000000 1.406250 80.098377 -0.000192 3.504427 -0.004380 
118 6.312500 0.000000 2.812500 80.457336 -0.000037 3.907584 -0.013852 
119 4.156250 0.000000 0.703125 80.823356 -0.000068 1.854844 -0.021227 
120 3.437500 0.000000 0.703125 79.799910 -0.000003 -0.000396 0.004996 
121 4.156250 0.000000 0.000000 79.805611 -0.000010 -0.000401 0.004854 
122 4.875000 0.000000 0.703125 80.362335 -0.000096 2.365357 -0.009953 
123 4.156250 0.000000 1.406250 81.136170 -0.000041 2.634629 -0.029691 
124 0.562500 0.000000 1.406250 85.312134 0.000006 5.894238 -0.142641 
125 -0.875000 0.000000 1.406250 82.968605 0.000010 8.978152 -0.088187 
126 0.562500 0.000000 0.000000 79.756019 0.000014 -0.000161 0.006090 
127 0.562500 0.000000 2.812500 82.777969 0.000008 6.003739 -0.076287 
128 2.718750 0.000000 0.703125 79.785879 0.000010 -0.000262 0.005346 
129 2.000000 0.000000 0.703125 79.775192 0.000012 -0.000217 0.005612 
130 2.718750 0.000000 0.000000 79.787481 0.000008 -0.000271 0.005306 
131 2.718750 0.000000 1.406250 82.642844 -0.000014 2.668693 -0.068275 
132 71.000000 0.000000 -22.500000 79.707141 0.000007 6.776383 0.000133 
133 71.000000 0.000000 -45.000000 79.694412 0.000002 6.907207 0.000170 
134 94.000000 0.000000 -22.500000 79.706989 0.000007 6.810904 0.000064 
135 36.500000 0.000000 -11.250000 79.728064 0.000031 6.357185 0.000472 
136 36.500000 0.000000 -22.500000 79.689526 0.000009 6.739683 0.000649 
137 48.000000 0.000000 -11.250000 79.732879 0.000028 6.425556 0.000216 
138 19.250000 0.000000 -5.625000 79.750273 0.000065 5.475053 0.001550 
139 19.250000 0.000000 -11.250000 79.665137 0.000032 6.224405 0.002300 
140 25.000000 0.000000 -5.625000 79.776853 0.000068 5.597410 0.000675 
141 10.625000 0.000000 -2.812500 79.676783 -0.000013 4.431486 0.004996 
142 10.625000 0.000000 -5.625000 79.542514 0.000041 5.234354 0.007123 
143 13.500000 0.000000 -2.812500 79.771747 -0.000002 4.604526 0.002385 
144 6.312500 0.000000 -1.406250 79.422395 -0.000032 3.346901 0.012638 
145 6.312500 0.000000 -2.812500 79.181743 0.000009 4.024251 0.017821 
146 7.750000 0.000000 -1.406250 79.621962 -0.000077 3.635835 0.007363 
147 4.156250 0.000000 -0.703125 78.793551 0.000031 1.878524 0.029382 
148 3.437500 0.000000 -0.703125 79.799910 -0.000003 -0.000396 0.004996 
149 4.156250 0.000000 -1.406250 78.471594 0.000022 2.676459 0.036726 
150 4.875000 0.000000 -0.703125 79.281833 0.000007 2.398666 0.016975 
151 3.796875 0.000000 0.351562 79.803910 -0.000008 -0.000387 0.004896 
152 3.437500 0.000000 0.351562 79.802069 -0.000006 -0.000372 0.004942 
153 3.796875 0.000000 0.000000 79.804497 -0.000008 -0.000391 0.004882 
154 4.156250 0.000000 0.351562 79.807036 -0.000011 -0.000402 0.004818 
155 3.796875 0.000000 0.703125 79.807319 -0.000012 -0.000392 0.004811 
156 0.562500 0.000000 -1.406250 74.200224 0.000021 5.907801 0.134285 
157 -0.875000 0.000000 -1.406250 76.518506 0.000015 8.987290 0.072523 
158 0.562500 0.000000 -2.812500 76.726894 0.000020 6.028456 0.074475 
159 2.718750 0.000000 -0.703125 79.785879 0.000010 -0.000262 0.005346 
160 2.000000 0.000000 -0.703125 79.775192 0.000012 -0.000217 0.005612 
161 2.718750 0.000000 -1.406250 76.920881 0.000030 2.694502 0.074362 
162 3.078125 0.000000 0.351562 79.795067 0.000002 -0.000339 0.005117 
163 2.718750 0.000000 0.351562 79.788282 0.000008 -0.000276 0.005286 
164 3.078125 0.000000 0.000000 79.795454 0.000002 -0.000333 0.005107 
165 3.078125 0.000000 0.703125 82.261043 -0.000036 1.465334 -0.057660 
166 3.796875 0.000000 -0.351562 79.803910 -0.000008 -0.000387 0.004896 
167 3.437500 0.000000 -0.351562 79.802069 -0.000006 -0.000372 0.004942 
168 3.796875 0.000000 -0.703125 79.807319 -0.000012 -0.000392 0.004811 
169 4.156250 0.000000 -0.351562 79.807036 -0.000011 -0.000402 0.004818 
170 3.617188 0.000000 0.175781 79.802069 -0.000006 -0.000372 0.004942 
171 3.437500 0.000000 0.175781 79.801744 -0.000005 -0.000368 0.004950 
172 3.617188 0.000000 0.000000 79.802302 -0.000006 -0.000387 0.004936 
173 3.796875 0.000000 0.175781 79.803910 -0.000008 -0.000387 0.004896 
174 3.617188 0.000000 0.351562 79.803910 -0.000008 -0.000387 0.004896 
175 3.078125 0.000000 -0.351562 79.795067 0.000002 -0.000339 0.005117 
176 2.718750 0.000000 -0.351562 79.788282 0.000008 -0.000276 0.005286 
177 3.078125 0.000000 -0.703125 77.318344 0.000041 1.480647 0.065575 
178 3.617188 0.000000 -0.175781 79.802069 -0.000006 -0.000372 0.004942 
179 3.437500 0.000000 -0.175781 79.801744 -0.000005 -0.000368 0.004950 
180 3.617188 0.000000 -0.351562 79.803910 -0.000008 -0.000387 0.004896 
181 3.796875 0.000000 -0.175781 79.803910 -0.000008 -0.000387 0.004896 
182 5.593750 0.000000 0.703125 80.169549 -0.000137 2.735401 -0.005412 
183 5.593750 0.000000 0.000000 79.840205 0.000317 2.581562 0.002950 
184 6.312500 0.000000 0.703125 80.075315 -0.000189 2.992800 -0.003283 
185 5.593750 0.000000 1.406250 80.416258 -0.000086 3.069331 -0.011906 
186 4.515625 0.000000 0.351562 79.810390 -0.000016 -0.000386 0.004735 
187 4.515625 0.000000 0.000000 79.809386 -0.000014 -0.000383 0.004760 
188 4.875000 0.000000 0.351562 80.115516 -0.000133 2.180162 -0.003633 
189 4.515625 0.000000 0.703125 80.539442 -0.000081 2.119664 -0.014234 
190 3.976562 0.000000 0.175781 79.805611 -0.000010 -0.000401 0.004854 
191 3.976562 0.000000 0.000000 79.806977 -0.000011 -0.000397 0.004820 
192 4.156250 0.000000 0.175781 79.807036 -0.000011 -0.000402 0.004818 
193 3.976562 0.000000 0.351562 79.805611 -0.000010 -0.000401 0.004854 
194 3.707031 0.000000 0.087891 79.804192 -0.000008 -0.000393 0.004889 
195 3.617188 0.000000 0.087891 79.802302 -0.000006 -0.000387 0.004936 
196 3.707031 0.000000 0.000000 79.804036 -0.000008 -0.000398 0.004893 
197 3.796875 0.000000 0.087891 79.804299 -0.000008 -0.000386 0.004887 
198 3.707031 0.000000 0.175781 79.803910 -0.000008 -0.000387 0.004896 
199 1.281250 0.000000 0.703125 79.766028 0.000013 -0.000189 0.005841 
200 0.562500 0.000000 0.703125 79.757061 0.000014 -0.000149 0.006064 
201 1.281250 0.000000 0.000000 79.766427 0.000013 -0.000190 0.005831 
202 1.281250 0.000000 1.406250 84.656993 0.000002 4.101123 -0.122442 
203 2.359375 0.000000 0.351562 79.783229 0.000010 -0.000251 0.005412 
204 2.000000 0.000000 0.351562 79.775272 0.000012 -0.000218 0.005610 
205 2.359375 0.000000 0.000000 79.782426 0.000011 -0.000248 0.005432 
206 2.359375 0.000000 0.703125 79.780822 0.000012 -0.000243 0.005472 
207 1.281250 0.000000 -0.703125 79.766028 0.000013 -0.000189 0.005841 
208 0.562500 0.000000 -0.703125 79.757061 0.000014 -0.000149 0.006064 
209 1.281250 0.000000 -1.406250 74.870547 0.000025 4.117801 0.121476 
210 1.640625 0.000000 0.351562 79.770340 0.000013 -0.000200 0.005733 
211 1.281250 0.000000 0.351562 79.764435 0.000013 -0.000183 0.005880 
212 1.640625 0.000000 0.000000 79.770529 0.000013 -0.000202 0.005729 
213 1.640625 0.000000 0.703125 79.769802 0.000012 -0.000196 0.005747 
214 -67.000000 0.000000 22.500000 79.701006 0.000000 6.978540 -0.000148 
215 -90.000000 0.000000 22.500000 79.698073 0.000000 6.976524 -0.000071 
216 -67.000000 0.000000 0.000000 79.696285 0.000000 6.980407 -0.000035 
217 -67.000000 0.000000 45.000000 79.702559 0.000000 6.975689 -0.000181 
218 -32.500000 0.000000 11.250000 79.717504 0.000001 6.999119 -0.000604 
219 -44.000000 0.000000 11.250000 79.705791 0.000000 6.988022 -0.000288 
220 -32.500000 0.000000 0.000000 79.698038 0.000001 7.006988 -0.000137 
221 -32.500000 0.000000 22.500000 79.724051 0.000001 6.984063 -0.000735 
222 -15.250000 0.000000 5.625000 79.783700 0.000002 7.081971 -0.002436 
223 -21.000000 0.000000 5.625000 79.736536 0.000002 7.040559 -0.001169 
224 -15.250000 0.000000 0.000000 79.703632 0.000003 7.114923 -0.000514 
225 -15.250000 0.000000 11.250000 79.809537 0.000002 7.025242 -0.002956 
226 -6.625000 0.000000 2.812500 80.033469 0.000006 7.425316 -0.009452 
227 -9.500000 0.000000 2.812500 79.854857 0.000005 7.251069 -0.004590 
228 -6.625000 0.000000 0.000000 79.716392 0.000007 7.567988 -0.001872 
229 -6.625000 0.000000 5.625000 80.125704 0.000006 7.184605 -0.011210 
230 -2.312500 0.000000 1.406250 80.951345 0.000010 8.603278 -0.035490 
231 -3.750000 0.000000 1.406250 80.284759 0.000009 8.061309 -0.017286 
232 -2.312500 0.000000 0.000000 79.734382 0.000011 9.262089 -0.006775 
233 -2.312500 0.000000 2.812500 81.170660 0.000009 7.710322 -0.038770 
234 -0.156250 0.000000 0.703125 87.119167 0.000009 10.640093 -0.203588 
235 -0.875000 0.000000 0.703125 82.710767 0.000011 11.064200 -0.088045 
236 -0.156250 0.000000 0.000000 79.754026 0.000014 -0.000161 0.006140 
237 -0.156250 0.000000 1.406250 84.629046 0.000009 8.014871 -0.129111 
238 0.921875 0.000000 0.351562 79.760097 0.000013 -0.000172 0.005989 
239 0.562500 0.000000 0.351562 79.755758 0.000014 -0.000164 0.006097 
240 0.921875 0.000000 0.000000 79.761849 0.000013 -0.000177 0.005945 
241 0.921875 0.000000 0.703125 79.762254 0.000013 -0.000180 0.005935 
242 1.640625 0.000000 -0.351562 79.770340 0.000013 -0.000200 0.005733 
243 1.281250 0.000000 -0.351562 79.764435 0.000013 -0.000183 0.005880 
244 1.640625 0.000000 -0.703125 79.769802 0.000012 -0.000196 0.005747 
245 2.000000 0.000000 -0.351562 79.775272 0.000012 -0.000218 0.005610 
246 1.460938 0.000000 0.175781 79.768615 0.000013 -0.000195 0.005776 
247 1.281250 0.000000 0.175781 79.764966 0.000013 -0.000185 0.005867 
248 1.460938 0.000000 0.000000 79.768813 0.000013 -0.000196 0.005771 
249 1.640625 0.000000 0.175781 79.768813 0.000013 -0.000196 0.005771 
250 1.460938 0.000000 0.351562 79.768319 0.000013 -0.000195 0.005784 
251 -67.000000 0.000000 -22.500000 79.691468 0.000000 6.978743 0.000089 
252 -90.000000 0.000000 -22.500000 79.693814 0.000000 6.976610 0.000035 
253 -67.000000 0.000000 -45.000000 79.689631 0.000000 6.975989 0.000140 
254 -32.500000 0.000000 -11.250000 79.678260 0.000001 6.999805 0.000371 
255 -44.000000 0.000000 -11.250000 79.688311 0.000000 6.988360 0.000146 
256 -32.500000 0.000000 -22.500000 79.671229 0.000001 6.985220 0.000578 
257 -15.250000 0.000000 -5.625000 79.622739 0.000003 7.084060 0.001568 
258 -21.000000 0.000000 -5.625000 79.664348 0.000002 7.041610 0.000626 
259 -15.250000 0.000000 -11.250000 79.594901 0.000002 7.028699 0.002383 
260 -6.625000 0.000000 -2.812500 79.397977 0.000007 7.429916 0.006368 
261 -9.500000 0.000000 -2.812500 79.564751 0.000005 7.253752 0.002630 
262 -6.625000 0.000000 -5.625000 79.302227 0.000006 7.192729 0.009285 
263 -2.312500 0.000000 -1.406250 78.516289 0.000012 8.609581 0.025167 
264 -3.750000 0.000000 -1.406250 79.167921 0.000010 8.065756 0.010529 
265 -2.312500 0.000000 -2.812500 78.293798 0.000012 7.722206 0.032883 
266 -0.156250 0.000000 -0.703125 72.381403 0.000017 10.645764 0.163688 
267 -0.875000 0.000000 -0.703125 76.777651 0.000014 11.068857 0.059793 
268 -0.156250 0.000000 -1.406250 74.869885 0.000018 8.025970 0.114076 
269 0.203125 0.000000 0.351562 79.754830 0.000014 -0.000162 0.006120 
270 -0.156250 0.000000 0.351562 79.753419 0.000014 -0.000164 0.006155 
271 0.203125 0.000000 0.000000 79.754626 0.000014 -0.000167 0.006125 
272 0.203125 0.000000 0.703125 79.753908 0.000014 -0.000183 0.006143 
273 0.203125 0.000000 -0.351562 79.754830 0.000014 -0.000162 0.006120 
274 -0.156250 0.000000 -0.351562 79.753419 0.000014 -0.000164 0.006155 
275 0.203125 0.000000 -0.703125 79.753908 0.000014 -0.000183 0.006143 
276 0.562500 0.000000 -0.351562 79.755758 0.000014 -0.000164 0.006097 
277 0.382812 0.000000 0.175781 79.755758 0.000014 -0.000164 0.006097 
278 0.203125 0.000000 0.175781 79.754830 0.000014 -0.000162 0.006120 
279 0.382812 0.000000 0.000000 79.755704 0.000014 -0.000166 0.006098 
280 0.562500 0.000000 0.175781 79.755903 0.000014 -0.000164 0.006093 
281 0.382812 0.000000 0.351562 79.755758 0.000014 -0.000164 0.006097 
282 -1.593750 0.000000 0.703125 81.080397 0.000011 9.869900 -0.042413 
283 -2.312500 0.000000 0.703125 80.469929 0.000010 9.061732 -0.024613 
284 -1.593750 0.000000 0.000000 79.739067 0.000012 10.379719 -0.010321 
285 -1.593750 0.000000 1.406250 81.685664 0.000010 8.912245 -0.054996 
286 -0.515625 0.000000 0.351562 79.752568 0.000014 -0.000155 0.006176 
287 -0.875000 0.000000 0.351562 81.669497 0.000012 12.353048 -0.066016 
288 -0.515625 0.000000 0.000000 79.752568 0.000014 -0.000155 0.006176 
289 -0.515625 0.000000 0.703125 84.515718 0.000010 11.467647 -0.136627 
290 0.023438 0.000000 0.175781 79.754026 0.000014 -0.000161 0.006140 
291 -0.156250 0.000000 0.175781 79.754026 0.000014 -0.000161 0.006140 
292 0.023438 0.000000 0.000000 79.754268 0.000014 -0.000160 0.006134 
293 0.023438 0.000000 0.351562 79.754026 0.000014 -0.000161 0.006140 
294 -1.593750 0.000000 -0.703125 78.397382 0.000013 9.873748 0.024431 
295 -2.312500 0.000000 -0.703125 78.998549 0.000012 9.064932 0.012040 
296 -1.593750 0.000000 -1.406250 77.791068 0.000013 8.919812 0.042029 
297 -0.515625 0.000000 -0.351562 79.752568 0.000014 -0.000155 0.006176 
298 -0.875000 0.000000 -0.351562 77.819254 0.000014 12.355388 0.029923 
299 -0.515625 0.000000 -0.703125 74.978567 0.000015 11.472781 0.101030 
300 0.023438 0.000000 -0.175781 79.754026 0.000014 -0.000161 0.006140 
301 -0.156250 0.000000 -0.175781 79.754026 0.000014 -0.000161 0.006140 
302 0.023438 0.000000 -0.351562 79.754026 0.000014 -0.000161 0.006140 
303 0.203125 0.000000 -0.175781 79.754830 0.000014 -0.000162 0.006120 
304 0.113281 0.000000 0.087891 79.754715 0.000014 -0.000162 0.006123 
305 0.023438 0.000000 0.087891 79.754830 0.000014 -0.000162 0.006120 
306 0.113281 0.000000 0.000000 79.754447 0.000014 -0.000161 0.006129 
307 0.203125 0.000000 0.087891 79.754715 0.000014 -0.000167 0.006123 
308 0.113281 0.000000 0.175781 79.754830 0.000014 -0.000162 0.006120 
309 -0.335938 0.000000 0.175781 79.753419 0.000014 -0.000164 0.006155 
310 -0.515625 0.000000 0.175781 79.752568 0.000014 -0.000155 0.006176 
311 -0.335938 0.000000 0.000000 79.753419 0.000014 -0.000164 0.006155 
312 -0.335938 0.000000 0.351562 79.752903 0.000014 -0.000162 0.006168 
313 -0.066406 0.000000 0.087891 79.754026 0.000014 -0.000161 0.006140 
314 -0.156250 0.000000 0.087891 79.754026 0.000014 -0.000161 0.006140 
315 -0.066406 0.000000 0.000000 79.754026 0.000014 -0.000161 0.006140 
316 -0.066406 0.000000 0.175781 79.754026 0.000014 -0.000161 0.006140 
317 0.921875 0.000000 -0.351562 79.760097 0.000013 -0.000172 0.005989 
318 0.921875 0.000000 -0.703125 79.762254 0.000013 -0.000180 0.005935 
319 0.382812 0.000000 -0.175781 79.755758 0.000014 -0.000164 0.006097 
320 0.382812 0.000000 -0.351562 79.755758 0.000014 -0.000164 0.006097 
321 0.562500 0.000000 -0.175781 79.755903 0.000014 -0.000164 0.006093 
322 0.113281 0.000000 -0.087891 79.754715 0.000014 -0.000162 0.006123 
323 0.023438 0.000000 -0.087891 79.754830 0.000014 -0.000162 0.006120 
324 0.113281 0.000000 -0.175781 79.754830 0.000014 -0.000162 0.006120 
325 0.203125 0.000000 -0.087891 79.754715 0.000014 -0.000167 0.006123 
326 0.068359 0.000000 0.043945 79.754447 0.000014 -0.000161 0.006129 
327 0.023438 0.000000 0.043945 79.754514 0.000014 -0.000161 0.006128 
328 0.068359 0.000000 0.000000 79.754447 0.000014 -0.000161 0.006129 
329 0.113281 0.000000 0.043945 79.754447 0.000014 -0.000161 0.006129 
330 0.068359 0.000000 0.087891 79.754830 0.000014 -0.000162 0.006120 
331 5.593750 0.000000 -0.703125 79.501587 -0.000027 2.781914 0.011212 
332 5.593750 0.000000 -1.406250 79.239228 -0.000010 3.138654 0.017390 
333 6.312500 0.000000 -0.703125 79.621459 -0.000066 3.055378 0.007982 
334 4.515625 0.000000 -0.351562 79.810390 -0.000016 -0.000386 0.004735 
335 4.515625 0.000000 -0.703125 79.091029 0.000020 2.147688 0.021874 
336 4.875000 0.000000 -0.351562 79.533592 0.000021 2.199326 0.010870 
337 3.976562 0.000000 -0.175781 79.805611 -0.000010 -0.000401 0.004854 
338 3.976562 0.000000 -0.351562 79.805611 -0.000010 -0.000401 0.004854 
339 4.156250 0.000000 -0.175781 79.807036 -0.000011 -0.000402 0.004818 
340 3.886719 0.000000 0.087891 79.803910 -0.000008 -0.000387 0.004896 
341 3.886719 0.000000 0.000000 79.805028 -0.000009 -0.000386 0.004868 
342 3.976562 0.000000 0.087891 79.805611 -0.000010 -0.000401 0.004854 
343 3.886719 0.000000 0.175781 79.803910 -0.000008 -0.000387 0.004896 
344 2.359375 0.000000 -0.351562 79.783229 0.000010 -0.000251 0.005412 
345 2.359375 0.000000 -0.703125 79.780822 0.000012 -0.000243 0.005472 
346 -0.335938 0.000000 -0.175781 79.753419 0.000014 -0.000164 0.006155 
347 -0.515625 0.000000 -0.175781 79.752568 0.000014 -0.000155 0.006176 
348 -0.335938 0.000000 -0.351562 79.752903 0.000014 -0.000162 0.006168 
349 -0.066406 0.000000 -0.087891 79.754026 0.000014 -0.000161 0.006140 
350 -0.156250 0.000000 -0.087891 79.754026 0.000014 -0.000161 0.006140 
351 -0.066406 0.000000 -0.175781 79.754026 0.000014 -0.000161 0.006140 
1 10 13 3 14 
2 11 10 14 9 
3 15 11 9 18 
4 16 15 18 4 
5 7 21 19 20 
6 21 2 22 19 
7 23 26 10 27 
8 24 23 27 11 
9 1 30 28 29 
10 30 7 20 28 
11 31 24 11 34 
12 32 31 34 15 
13 20 37 35 36 
14 37 19 38 35 
15 39 42 23 43 
16 40 39 43 24 
17 28 46 44 45 
18 46 20 36 44 
19 47 40 24 50 
20 48 47 50 31 
21 36 53 51 52 
22 53 35 54 51 
23 55 58 39 59 
24 56 55 59 40 
25 44 62 60 61 
26 62 36 52 60 
27 63 56 40 66 
28 64 63 66 47 
29 52 69 67 68 
30 69 51 70 67 
31 71 74 55 75 
32 72 71 75 56 
33 60 78 76 77 
34 78 52 68 76 
35 79 72 56 82 
36 80 79 82 63 
37 68 85 83 84 
38 85 67 86 83 
39 87 90 71 91 
40 88 87 91 72 
41 76 94 92 93 
42 94 68 84 92 
43 84 97 95 96 
44 97 83 98 95 
45 12 100 99 26 
46 100 8 101 99 
47 99 101 13 102 
48 26 99 102 10 
49 25 104 103 42 
50 104 12 105 103 
51 103 105 26 106 
52 42 103 106 23 
53 41 108 107 58 
54 108 25 109 107 
55 107 109 42 110 
56 58 107 110 39 
57 57 112 111 74 
58 112 41 113 111 
59 111 113 58 114 
60 74 111 114 55 
61 116 57 117 115 
62 115 117 74 118 
63 90 115 118 71 
64 119 122 90 123 
65 120 119 123 87 
66 124 88 72 127 
67 125 124 127 79 
68 128 120 87 131 
69 129 128 131 88 
70 19 133 132 38 
71 133 22 134 132 
72 132 134 8 100 
73 38 132 100 12 
74 35 136 135 54 
75 136 38 137 135 
76 135 137 12 104 
77 54 135 104 25 
78 51 139 138 70 
79 139 54 140 138 
80 138 140 25 108 
81 70 138 108 41 
82 67 142 141 86 
83 142 70 143 141 
84 141 143 41 112 
85 86 141 112 57 
86 83 145 144 98 
87 145 86 146 144 
88 144 146 57 116 
89 95 149 147 148 
90 149 98 150 147 
91 151 154 119 155 
92 152 151 155 120 
93 92 158 156 157 
94 158 84 96 156 
95 96 161 159 160 
96 161 95 148 159 
97 130 164 162 163 
98 164 89 152 162 
99 162 152 120 165 
100 163 162 165 128 
101 148 168 166 167 
102 168 147 169 166 
103 89 172 170 171 
104 170 173 151 174 
105 171 170 174 152 
106 159 177 175 176 
107 177 148 167 175 
108 175 167 89 164 
109 176 175 164 130 
110 167 180 178 179 
111 180 166 181 178 
112 178 181 153 172 
113 179 178 172 89 
114 73 183 182 122 
115 183 116 184 182 
116 182 184 115 185 
117 122 182 185 90 
118 121 187 186 154 
119 187 73 188 186 
120 186 188 122 189 
121 154 186 189 119 
122 191 121 192 190 
123 190 192 154 193 
124 173 190 193 151 
125 172 196 194 195 
126 196 153 197 194 
127 194 197 173 198 
128 195 194 198 170 
129 199 129 88 202 
130 200 199 202 124 
131 5 205 203 204 
132 205 130 163 203 
133 203 163 128 206 
134 204 203 206 129 
135 156 209 207 208 
136 209 96 160 207 
137 212 5 204 210 
138 210 204 129 213 
139 211 210 213 199 
140 6 216 214 215 
141 216 17 32 214 
142 214 32 15 217 
143 215 214 217 16 
144 17 220 218 219 
145 220 33 48 218 
146 218 48 31 221 
147 219 218 221 32 
148 33 224 222 223 
149 224 49 64 222 
150 222 64 47 225 
151 223 222 225 48 
152 49 228 226 227 
153 228 65 80 226 
154 226 80 63 229 
155 227 226 229 64 
156 65 232 230 231 
157 230 125 79 233 
158 231 230 233 80 
159 234 200 124 237 
160 235 234 237 125 
161 126 240 238 239 
162 240 201 211 238 
163 238 211 199 241 
164 239 238 241 200 
165 207 244 242 243 
166 244 160 245 242 
167 242 245 5 212 
168 243 242 212 201 
169 201 248 246 247 
170 248 212 249 246 
171 246 249 210 250 
172 247 246 250 211 
173 29 253 251 252 
174 253 28 45 251 
175 251 45 17 216 
176 252 251 216 6 
177 45 256 254 255 
178 256 44 61 254 
179 254 61 33 220 
180 255 254 220 17 
181 61 259 257 258 
182 259 60 77 257 
183 257 77 49 224 
184 258 257 224 33 
185 77 262 260 261 
186 262 76 93 260 
187 260 93 65 228 
188 261 260 228 49 
189 93 265 263 264 
190 265 92 157 263 
191 264 263 232 65 
192 157 268 266 267 
193 268 156 208 266 
194 269 239 200 272 
195 270 269 272 234 
196 266 275 273 274 
197 275 208 276 273 
198 271 279 277 278 
199 279 126 280 277 
200 277 280 239 281 
201 278 277 281 269 
202 232 284 282 283 
203 284 81 235 282 
204 282 235 125 285 
205 283 282 285 230 
206 81 288 286 287 
207 286 270 234 289 
208 287 286 289 235 
209 290 278 269 293 
210 291 290 293 270 
211 263 296 294 295 
212 296 157 267 294 
213 294 267 81 284 
214 295 294 284 232 
215 267 299 297 298 
216 299 266 274 297 
217 298 297 288 81 
218 274 302 300 301 
219 302 273 303 300 
220 306 271 307 304 
221 304 307 278 308 
222 305 304 308 290 
223 288 311 309 310 
224 311 236 291 309 
225 309 291 270 312 
226 310 309 312 286 
227 236 315 313 314 
228 315 292 305 313 
229 313 305 290 316 
230 314 313 316 291 
231 208 318 317 276 
232 318 207 243 317 
233 317 243 201 240 
234 276 317 240 126 
235 273 320 319 303 
236 320 276 321 319 
237 319 321 126 279 
238 303 319 279 271 
239 300 324 322 323 
240 324 303 325 322 
241 322 325 271 306 
242 323 322 306 292 
243 292 328 326 327 
244 328 306 329 326 
245 326 329 304 330 
246 327 326 330 305 
247 98 332 331 150 
248 332 144 333 331 
249 331 333 116 183 
250 150 331 183 73 
251 147 335 334 169 
252 335 150 336 334 
253 334 336 73 187 
254 169 334 187 121 
255 166 338 337 181 
256 338 169 339 337 
257 337 339 121 191 
258 181 337 191 153 
259 153 341 340 197 
260 341 191 342 340 
261 340 342 190 343 
262 197 340 343 173 
263 160 345 344 245 
264 345 159 176 344 
265 344 176 130 205 
266 245 344 205 5 
267 297 348 346 347 
268 348 274 301 346 
269 346 301 236 311 
270 347 346 311 288 
271 301 351 349 350 
272 351 300 323 349 
273 349 323 292 315 
274 350 349 315 236 
