651 1280
3.508863856194021 -0.05393003341916687 -0
3.484806088765064 -0.05639991335163364 -0.3592675050286873
4 0 -0
0.1561548724903343 -0.106575243115213 -2
0.2076834860963889 -0.1204998928288962 -1.73896122428884
0 0 -1.8
0 0 -0.2000000000000002
0.1546194798250064 -0.1061149850229127 -0
0 0 -0
0.1849316303526302 -0.1146921730298892 -0.324350333810369
0 0 -0.4000000000000004
4 0 -1.5
3.464397827767697 -0.05848309632687174 -1.617411663849421
4 0 -2
0 0 -1.6
0 0 -2
0.3706577391665578 -0.1518154797334389 -2
2.525267732209447 -0.1419234808902118 -0
2.032556751406957 -0.174247628734113 -0
2.25218381093231 -0.1610286459262199 -0.6179517072420282
3.509359366121126 -0.05387900071239911 -2
3.018418821724848 -0.101217139628507 -2
2.912487740908679 -0.1105709982241904 -1.476246786238065
2.420278841424457 -0.1495891234876427 -1.271590655554845
2.526874985724646 -0.1418032103824763 -2
0.5437754283445613 -0.1730062794365138 -1.482341390851534
0.7591587001272724 -0.1891166652386047 -1.739257725680702
0.9128144415023361 -0.1957157360802484 -1.462181402385967
0.5412496253256036 -0.1727585929568206 -0.5455722339489077
0.8955729641892279 -0.195143678537557 -0.5107947793966248
0.7031949598958741 -0.1857888091302629 -0.2565037554591751
1.62708126765821 -0.1924644925650162 -0.785404901585796
1.918382630584252 -0.1802606650285123 -1.091898328603262
0.3301326753557979 -0.1453413249432865 -0.7326768909725748
0.1212345702466354 -0.09525664422303516 -0.7891732186103502
0.2657509766308817 -0.1334334112840705 -0.9908340832330271
0 0 -1.000000000000001
0 0 -0.8000000000000007
0.1346437388504903 -0.09982792347878859 -0.5477496655252683
0 0 -0.6000000000000005
0.1206537829464302 -0.09505161752605823 -1.210380976416064
0.3161532711133358 -0.1429384489775489 -1.284422127541919
0 0 -1.2
0.1350822596695133 -0.09997237504843728 -1.466452505040861
0 0 -1.4
0.6551880348304884 -0.1824885937815012 -0.8938568373897944
1.127753346397852 -0.1998072594105005 -0.8628898895245993
1.31972713009327 -0.1993942888807688 -0.4220020223800569
1.975993302478815 -0.1773052674162651 -1.57875457045002
2.803302246783796 -0.1198768936898137 -0.9208004165601884
2.034721905672685 -0.1741276454249456 -2
1.541961114831672 -0.1950633203348437 -2
1.429367646306873 -0.197726000601747 -1.356976229793595
0.9487188292769611 -0.1967838006792559 -1.169916268713755
1.797585147575629 -0.1859002144658401 -0.3615486195425284
1.539236993608794 -0.1951384727607407 -0
0.4585885748510846 -0.1637282567139936 -1.743590183258881
0.6614701385230801 -0.1829453457593841 -2
0.3064785883245613 -0.1412188649312344 -1.526362040207607
0.3054074341628815 -0.1410255475282612 -0.4867991867530264
0.4335493048694632 -0.1606018398646244 -0.2589857009862215
0.368616631578252 -0.1515055954814128 -0
0.6589460397420386 -0.1827627546158943 -0
1.050955040999471 -0.1989541535644757 -0
3.017368109958355 -0.1013114447974152 -0
4 0 -0.5000000000000004
3.306726517510544 -0.07420370384702572 -1.112827263890855
3.213374865096887 -0.08319719563061118 -0.7087094181750313
3.646507167842575 -0.03949998515474241 -0.789415454082818
0.6177338177905459 -0.1796007105597948 -1.23151191968537
3.69321955197392 -0.03448496686830139 -1.232354750681065
4 0 -1.000000000000001
0.2195638526176066 -0.1233503764524197 -0.1541007585192711
1.173634007482643 -0.2000251333713364 -1.709554544179943
1.053927726421806 -0.1989993111862123 -2
2.678636125307305 -0.1300648485736036 -0.4236868647345786
2.999419382471352 -0.1029177247639723 -0.4554430522559043
0.4426256341893525 -0.1617585707358455 -1.101675726866807
0.154619479825746 0.1061149850231352 -0
0.2514579863818893 0.1304707109197231 -1.11166310542294
3.508863856194226 0.05393003341914574 -0
0.1561548724903308 0.106575243115212 -2
0.3706577391665819 0.1518154797334426 -2
0.2827110612141385 0.1367868775323233 -1.773014111951432
3.509359366121138 0.05387900071239783 -2
1.019168608656461 0.1984110423687902 -0.4109885510125446
0.6988260007727285 0.1855061084579343 -0.7461242192650221
0.579684419269855 0.1763626536047133 -0.3668257509232564
0.8091507932071548 0.1916514518758262 -1.071038551824371
1.10200060140092 0.1995919481221419 -0.8838089219918794
0.6589460397431824 0.1827627546159773 -0
1.050955041000675 0.1989541535644943 -0
2.84242964753952 0.1165822238684819 -1.205417226281232
3.223262493898734 0.08225575346156791 -0.9164655396163135
3.418476148444238 0.06313014355244924 -1.38709561029748
0.5154477326181526 0.1701365049098181 -1.323305555915602
0.244254417512928 0.1289262970275648 -1.336345670072732
0.5082180199488039 0.1693709447045313 -1.024705836632665
2.333746075620878 0.1556120277791102 -1.183500483651769
2.50792996527229 0.1432153515236738 -0.7728161041307113
1.837700760772613 0.1841136832164275 -1.066174676102525
2.158532164825091 0.1669180266708815 -1.567084959736708
1.541961114831785 0.1950633203348406 -2
1.71796240583171 0.189180761120096 -1.561218090793433
2.034721905672772 0.1741276454249409 -2
2.032556751407832 0.1742476287340646 -0
1.843368010073194 0.1838542626040804 -0.4761403024513866
1.539236993609961 0.1951384727607086 -0
1.454284335237473 0.1972165666949578 -0.6799995939001864
3.646274413015556 0.039524822234013 -0.9353907466551368
0.4252951180031717 0.159526978692167 -0.6450526188258743
0.7908145468178889 0.1907678145858599 -1.332949518676995
1.08505532801608 0.1994127534099497 -1.355809436009146
0.7361547868139989 0.1878135257431139 -1.595017189453938
0.136265738223222 0.1003606947314871 -0.4717544169453909
0.2505908563667013 0.1302866692247911 -1.530500633069217
0.1478614442667402 0.104052159668707 -0.9085633412980663
0.1141367029919564 0.09270768089218032 -1.260189857983687
2.526874985724706 0.1418032103824718 -2
2.643697146761681 0.132833272990227 -1.605962199432168
3.018418821724887 0.1012171396285036 -2
3.099127915317055 0.09388281669444279 -1.639890452012326
0.1885455554408806 0.115648311509737 -0.6929515124861907
0.3686166315792774 0.151505595481569 -0
0.3068803271789167 0.1412912168824012 -0.2910266061403162
3.017368109958798 0.1013114447973754 -0
2.753198189675011 0.1240288090794979 -0.3635325146866046
2.525267732210121 0.1419234808901614 -0
2.280065282424416 0.1592063390034432 -0.3758930607616211
0.4918527126501337 0.1675862649429425 -1.695300374883841
0.3608884605125219 0.1503172282521182 -0.8594179193651024
2.898655872059023 0.1117690568158516 -0.7289794589921956
3.327727314407582 0.07214818309222708 -0.4449696510741803
2.12967378269171 0.1686585836291764 -0.7865286420914579
0.119753649715063 0.09473265401471814 -0.2675104355043114
0.3166447747752018 0.1430245533957268 -0.4912240249156632
0.9533760418656021 0.1969105463421055 -1.739806749089939
0.6614701385231476 0.182945345759389 -2
1.436370680476672 0.1975875036209041 -1.199086067409958
1.322416311721751 0.1993650462751717 -1.658596818563876
1.05392772642192 0.1989993111862141 -2
0.1264453962346022 0.09706941795714996 -1.731260564776734
0.2298949894206594 0.1257386219940399 -0.1403893205000797
3.474130276922313 -0.05749102906313606 -2.361218530826592
0 0 -2.2
0.229390798993206 -0.1256239555203967 -2.265029923326275
0 0 -2.399999999999999
0.1561548724903343 -0.106575243115213 -4
0.2076780416766331 -0.1204985599802462 -3.738958135891411
0 0 -3.800000000000001
4 0 -3.500000000000001
3.466220134848303 -0.05829753246219357 -3.616863212563157
4 0 -4
0 0 -3.6
0 0 -4
0.3706577391665578 -0.1518154797334389 -4
2.293299404569343 -0.1583306130529003 -2.600254212076024
3.509359366121126 -0.05387900071239911 -4
3.018418821724848 -0.101217139628507 -4
0.5318687021479731 -0.1718248118129227 -2.564521467807089
0.8668204890212702 -0.1941002977018603 -2.461551463294082
0.5282124246415806 -0.1714548755832001 -2.278136430588328
0.5440853762479771 -0.1730365656312779 -3.48207980915232
0.7583922529390363 -0.1890746677112244 -3.739957239205811
0.9140828186596972 -0.1957562737426904 -3.466131655726403
1.662212285721703 -0.1912557874825577 -2.718176895977917
1.90373473051436 -0.1809853795176148 -3.078989156093602
0.1382313810037194 -0.1010007875278662 -2.536028334625832
0 0 -2.600000000000001
0 0 -3
0 0 -3.200000000000001
0.1204199291868139 -0.09496889202802768 -3.210768183413747
0.3170575960549105 -0.1430967810917384 -3.284150923081833
0.2547955103106433 -0.1311743938637774 -2.995374511577785
0.3301773014037168 -0.1453488449055945 -2.740645979787185
0.120962301941484 -0.09516060493743231 -2.787615924890208
0 0 -2.8
0.1351417205053833 -0.09999193821647909 -3.466400200250898
0 0 -3.399999999999999
1.955022388867125 -0.1784002283546076 -3.551802927614236
2.411172915488958 -0.1502358225488403 -3.195353593197829
2.817056859336736 -0.118723889805921 -2.933490463207137
2.034721905672685 -0.1741276454249456 -4
1.541961114831672 -0.1950633203348437 -4
0.6626854052072817 -0.1830328146893547 -2.889983054750681
1.109217446590998 -0.1996591396858808 -2.802393559049003
1.319173256001386 -0.1994002362778662 -2.407751615993376
1.439737826452144 -0.1975196022775472 -3.442133484742103
0.9959238564389272 -0.1979422749904216 -3.16429933886918
1.809431589097533 -0.1853817810096166 -2.348786988009548
0.4585047340869112 -0.1637181285852335 -3.743592066552488
0.6614701385230801 -0.1829453457593841 -4
0.31490119767793 -0.1427185602203334 -2.480370240287947
0.3065317468908439 -0.1412284433879588 -3.526324259725106
4 0 -2.500000000000001
2.932100629474695 -0.1088628603830542 -3.440762921891225
2.487822744584628 -0.1447008833732924 -3.653851174189588
3.313869632115052 -0.07350587662658931 -3.110864350625402
0.440904765836553 -0.1615412937006904 -3.088814031863128
3.208633634029756 -0.08364769004279915 -2.710358902989157
3.6469458280963 -0.03945317201069815 -2.789228312760698
0.6260693737566747 -0.1802683865817825 -3.229041032634816
3.694470573631439 -0.03434982308014797 -3.232436556657125
4 0 -2.999999999999997
2.526874985724646 -0.1418032103824763 -4
1.429485804146756 -0.1977236944638959 -3.056461954438461
1.170258026459714 -0.2000162141670037 -3.721501151215646
1.053927726421806 -0.1989993111862123 -4
2.913798837613971 -0.1104571526906346 -2.479362986966292
2.672164048473202 -0.1305805911092607 -2.282526029491079
0.2338602631691625 0.1266338387244906 -2.225007550844493
3.465757339413309 0.05834466684340558 -2.378454482180704
0.1561548724903308 0.106575243115212 -4
3.509359366121138 0.05387900071239783 -4
3.448543784876017 0.06009378041528453 -3.63489390415476
1.178165711388662 0.2000353524654329 -2.309600815712074
0.4595535145464393 0.1638446725525289 -2.72343179304082
0.5727190250114027 0.1757350906412503 -2.371499643788938
0.7283699189506441 0.1873522738639771 -2.601611028152217
2.809163763662902 0.1193862326380741 -3.529239275319869
3.018418821724887 0.1012171396285036 -4
0.5539785201641196 0.1739909763543681 -3.076066824297796
0.5613393659348709 0.1746858478998387 -3.323138939940316
0.2916369143433353 0.1384868349381176 -3.250830370463112
0.3323004900186695 0.1457055375664395 -3.659631665529598
0.3732819344279537 0.1522114788761652 -3.462193217412581
0.6220012364086931 0.1799443535085256 -3.553352768265809
0.318732575286983 0.1433889717151934 -2.987226576293628
0.8035126271221495 0.1913853088601271 -2.919694591988367
0.89925449183229 0.1952691432413085 -3.309820865436031
1.039489645512075 0.1987708977345674 -2.669146362184267
2.770357643537146 0.1226154386845643 -3.005703114131577
2.266606332042282 0.1600898628922921 -3.265125653308308
2.362586350822986 0.1536354699522995 -2.690168732825986
1.219410213068918 0.2000371423564877 -3.089388670747558
1.295963991523106 0.1996260729240737 -3.58999196050013
1.406073697289324 0.1981598842287649 -2.590971810164376
2.902595971696029 0.1114283399752266 -2.509491431426306
1.808668099544475 0.185415425890623 -2.590126853947258
2.065495149136732 0.1723992675832545 -2.315823893566342
1.541961114831785 0.1950633203348406 -4
1.05392772642192 0.1989993111862141 -4
1.681758134159771 0.1905499590236832 -3.299080409000707
0.8551126200761658 0.1936424014622224 -2.314203854320176
0.1437486482887568 0.1027657834977896 -2.452631548657384
0.1387968627392333 0.1011838178193804 -3.114341895535627
0.1597540791994046 0.1076424434722297 -3.491690546219107
2.526874985724706 0.1418032103824718 -4
1.580594876382682 0.1939430323723747 -2.936755359981112
1.961024723317493 0.1780890450805337 -2.978498415917007
0.1873982795217091 0.1153462335927191 -2.627074648262044
0.4486450017576572 0.1625110396926561 -2.187867577991895
0.3456916010050338 0.1479090221608372 -2.436757020719591
0.3706577391665819 0.1518154797334426 -4
0.2763115261553299 0.1355408907828553 -3.843657952279501
0.5298352052016799 0.17161948413319 -3.800165707084581
0.6614701385231476 0.182945345759389 -4
0.8815469832002079 0.1946489009314411 -3.695618546167957
2.034721905672772 0.1741276454249409 -4
1.844483334053038 0.1838030052426963 -3.64117941728972
2.318164428185939 0.1566667923348643 -3.668568428327912
0.1316845572523924 0.09884505078193469 -3.721728900231105
0.2073820656628524 0.1204260638449517 -2.799469229180711
3.174255837432294 0.08689593485931107 -3.250613201453461
3.30127557451404 0.07473529721154364 -2.864512525001665
0.1465022637558068 0.1036297444212189 -2.9718632668853
3.634635003665791 0.04076494983806804 -3.208708138901391
3.691172247427764 0.03470603619214132 -2.766894875577385
0.07390538479066053 0.07598736371393772 -2.8864259511557
0.1065931374788071 0.08988562677463643 -3.331630632485138
0.09287351628130885 0.08442070997940823 -2.320920530981512
4 0 -4.499999999999998
0 0 -4.2
0.2434184095786199 -0.1287447476738902 -4.221537869377136
4 0 -6
4 0 -5.500000000000003
3.509359366121126 -0.05387900071239911 -6
0.1561548724903343 -0.106575243115213 -6
0 0 -5.800000000000001
0 0 -6
0.2802081012513186 -0.1363022876391206 -5.780921675225184
0.3706577391665578 -0.1518154797334389 -6
0.8676658146819927 -0.1941326074399232 -4.378006036619293
1.541961114831672 -0.1950633203348437 -6
2.034721905672685 -0.1741276454249456 -6
1.878772525109978 -0.1821948839543917 -5.505063786034848
0.5125076345396875 -0.169826840030269 -4.219866322582239
1.168024744951794 -0.2000096993617283 -4.823894724529101
1.348198257659787 -0.1990541071208356 -4.409471337727382
2.819944039247968 -0.1184811509116363 -5.009395247956148
3.30159268841618 -0.0747043931170347 -4.883374414870703
2.887705268883497 -0.1127136574931078 -4.502134184055203
0.5588132003495216 -0.1744488237774101 -5.33503375100411
0.2814238350045992 -0.1365380984033132 -5.113358582716533
0.2529009886447096 -0.1307758614028605 -5.343842350723412
0 0 -4.600000000000001
0.1291454668641078 -0.09799026684641553 -4.414284336681131
0 0 -4.4
0.1194831911763823 -0.09463652955284158 -5.260261084103611
0 0 -5.400000000000001
0 0 -5.2
0 0 -4.800000000000001
0 0 -5.000000000000001
0.1584951495632314 -0.1072710018770053 -4.887171770836923
3.018418821724848 -0.101217139628507 -6
2.829151979584211 -0.1177053420080927 -5.531013018386406
2.526874985724646 -0.1418032103824763 -6
2.342912117212963 -0.1549872348884543 -5.223789126058215
0.6614701385230805 -0.1829453457593842 -6
0.8165194027568614 -0.191991921712025 -5.648325354967108
0.4978276627860685 -0.168246275416378 -5.706455150591264
0.5621625475373545 -0.1747627602360298 -4.464784171751405
0.3369007492556325 -0.1464713187785295 -4.427988229280652
0.7057853490048782 -0.1859548155834648 -4.734658014557384
0.2775141935521653 -0.1357768075381025 -5.549820072329354
2.395236952845516 -0.1513603906518411 -4.800144613284687
2.03902328555806 -0.1738886459376749 -4.616985570351471
1.769271320255636 -0.187107810440422 -4.923541872079422
0.377216860082604 -0.1528002367744013 -4.846098254696594
1.006997195312357 -0.1981734935556159 -5.302224904823211
0.1988088328763407 -0.1182926320796183 -4.643630551576909
3.403967632306153 -0.06458667201310692 -5.55993976905086
1.795012478592036 -0.1860117797126267 -4.359635003191188
0.8039731142631563 -0.1914072297480792 -5.035329374709368
0.5317232590489037 -0.1718101607411062 -5.021362018995973
3.460929966961162 -0.0588359820689452 -4.482938983257168
1.465769456015341 -0.1969663006844876 -5.26859674479496
2.335465963407983 -0.1554950364095482 -4.368221016314259
2.338997984975533 -0.1552544267886485 -5.64562543218866
3.649811412219582 -0.03914723063264446 -5.188665250249464
3.175498217913816 -0.08677910431033174 -5.240522461698581
4 0 -5.000000000000004
3.698036576944275 -0.03396435933383483 -4.783793386571574
0.4317279860248677 -0.1603665341119292 -4.637010149578
1.053927726421806 -0.1989993111862123 -6
1.330437394453468 -0.1992742245008589 -5.650931743797367
0 0 -5.600000000000001
0.1267137838234459 -0.09716150603954654 -5.734587568609439
0.1144953403113987 -0.09283886401359073 -5.474115991940443
3.223950609552749 -0.08219013674868605 -4.249353744253829
0.09049726633151242 -0.08342430557347866 -5.052301908498186
0.2483124499486492 0.1298006767707605 -5.108890592018389
0.28761137084037 0.1377255572126435 -4.25863147717918
0.1231799163460567 0.09593898878301509 -5.820207905554555
0.3047472071339181 0.1409060978193507 -5.756836326371034
0.3706577391665819 0.1518154797334426 -6
0.1561548724903308 0.106575243115212 -5.999999999999999
3.509359366121138 0.05387900071239783 -6
1.05392772642192 0.1989993111862141 -6
0.6614701385231476 0.182945345759389 -6
0.8676923891487255 0.1941336215306831 -5.685247758050568
0.8130430500809207 0.1918323291037008 -5.079017181773374
0.6929460240008635 0.1851202063424085 -4.750322632021843
1.120097459309418 0.1997503300970869 -4.843218402891932
0.9304012122759651 0.196259284940648 -4.41858967834593
0.5570758389663406 0.1742849349432983 -4.367832529442936
3.417913520998425 0.06318673093031932 -5.391003314683192
2.842260319496237 0.1165965795526896 -5.21014699167277
3.222349970049772 0.08234274935067137 -4.922499591045914
0.5151959004327245 0.1701100696540799 -5.263335005453788
0.2783445235530916 0.1359392091383972 -5.359454130243653
0.5080357541739946 0.169351465542839 -5.014318787403993
2.335820310131344 0.155470918837419 -5.186444129533072
2.509884249493195 0.1430702395616111 -4.775354102878511
1.541961114831785 0.1950633203348406 -6
1.716305952216973 0.1892451389361696 -5.564190600555356
2.034721905672772 0.1741276454249409 -6
1.849679461873293 0.1835633272680179 -5.080201294403762
2.159611777286718 0.1668522196790615 -5.570028341813194
1.823177671896677 0.1847705799461551 -4.477064671215643
1.50535350582029 0.1960297674667555 -4.804908900973929
3.645101994946371 0.03964990729278133 -4.939428771434259
0.4169601466955045 0.158419866036332 -4.643558322702237
0.7525242057656643 0.1887499066890548 -5.400076730711198
1.087818788349686 0.1994441341701697 -5.329105089174774
0.1212626330043184 0.09526653544801521 -4.413214157066934
0.2167601468263119 0.1226879287342369 -5.536323938309234
0.1205958959013223 0.09503114924145765 -5.264032534217052
0.1469607341617853 0.103772525745123 -4.910902036655617
3.098922190386112 0.09390173804822213 -5.642660102439803
3.018418821724887 0.1012171396285036 -6
2.526874985724706 0.1418032103824718 -6
2.643636438075637 0.1328380494849728 -5.608494698574306
0.1868196015498585 0.1151933558740734 -4.71092567424234
2.27936255062769 0.1592526475929061 -4.377301004210667
2.755831045688375 0.1238125321545627 -4.3655494702944
0.5101619261892861 0.1695781449976034 -5.56656741998758
1.302561381759508 0.1995665479938832 -5.656985846039869
0.3602441707623001 0.150217067012457 -4.859346783741875
3.329857994642174 0.07193897486399933 -4.448892446726391
2.899959168081498 0.1116564046776809 -4.733349093006638
2.129751648513829 0.1686539354855181 -4.787183419994925
0.1135032063047287 0.09247530988261943 -4.239268264772184
0.5339083800323304 0.1720297152099993 -5.812981102327613
0.2591604523834529 0.1320836532260324 -4.503384933177124
1.353581551615781 0.1989822675882177 -4.398812963914017
1.438393333289937 0.1975468168412992 -5.215564925812057
0.1236410552094341 0.09609975314803493 -5.675033592933755
4 0 -6.437499999999995
2.781082563503213 -0.1217275168651757 -6.536407128049584
3.367083287267761 -0.06826426163268884 -6.496307061245719
3.638748695414952 -0.04032708052177343 -6.911850448655629
3.509359366121126 -0.05387900071239911 -8
3.41056706594058 -0.06392484166601969 -7.461930968480045
3.018418821724848 -0.101217139628507 -8
2.784038559829552 -0.1214821765762647 -7.45106770149135
0 0 -6.199999999999999
0 0 -6.399999999999999
0.1889467857452602 -0.115753639073871 -6.316547703912191
2.526874985724646 -0.1418032103824763 -8
4 0 -7.562500000000002
4 0 -8
0.1854333088364832 -0.1148257110485537 -7.682365968886952
0 0 -7.600000000000001
0 0 -7.800000000000001
0 0 -8
0.1561548724903343 -0.106575243115213 -8
4 0 -7.187500000000005
1.203682016090696 -0.2000556973978248 -6.280853445461299
1.398855145474354 -0.1982858695241416 -6.606086336232394
0.7392790088534216 -0.1879957302109481 -6.25598446538962
0.5534966410462723 -0.1739450362887492 -6.536502476351627
0.957833067462057 -0.1970293750021196 -6.526295293324855
0.5564428764863217 -0.1742250480983096 -7.470416056704597
0.683976620607788 -0.1845193817539475 -7.770204497760801
0.9030564933965177 -0.1953968141403102 -7.587309957012921
2.034721905672685 -0.1741276454249456 -8
1.708346440268805 -0.1895521793033672 -7.569785243552507
1.541961114831672 -0.1950633203348437 -8
1.516868904246136 -0.1957359688681489 -7.097227128916602
1.102701934776932 -0.1995987133587932 -6.981065759447137
2.343292614248833 -0.1549612299803445 -6.963320419973017
2.224003215103179 -0.1628388011766451 -7.502604009710941
2.248720366249457 -0.1612528465679335 -6.434042772844682
3.184746074393406 -0.08590814205067707 -6.993005589037043
0.2828351467922522 -0.1368108105415432 -6.72742619534681
0.1271617360050526 -0.09731493093182318 -6.875883809451043
0.2752321424330823 -0.1353284592147208 -7.004152547072916
0 0 -7
0 0 -6.799999999999999
0.2838042475989641 -0.136997431940155 -7.276746422609255
0.1269894648256786 -0.09725596815463955 -7.12630967407074
0 0 -7.200000000000001
0 0 -7.4
0.1115474786874565 -0.09175266226167951 -7.521249781881853
0.1118941274712943 -0.09188133448794854 -6.478827222379955
0 0 -6.599999999999998
0.3706577391665578 -0.1518154797334389 -8
0.419019896900457 -0.1586955370239601 -7.724358539985042
0.219702054724197 -0.1233828696093517 -7.845147424254598
0.6614701385230805 -0.1829453457593842 -8
0.4399366310514093 -0.1614186368175963 -6.260598935552839
0.2218668290329861 -0.123889883021133 -6.154097814369086
1.918979824582177 -0.1802308856407518 -7.144562203787928
0.2909865185644336 -0.1383644330041995 -7.506697048867638
0.124956319781061 -0.09655623769618271 -7.363327705734974
0.1254045277029339 -0.09671110690462334 -6.637518036136399
0.2927233388215211 -0.1386907866499612 -6.491732160527595
0.8548983706700234 -0.1936338401414573 -7.277710193461221
2.77392267468618 -0.1223206745567194 -6.993201289907777
0.7201876959325501 -0.1868562485296049 -7.015955932430472
1.259363677527579 -0.1998876751418042 -7.512644408709169
1.839242314554613 -0.1840432888019898 -6.644198525867681
0.4982039268521783 -0.1682875119327099 -6.849381343098054
0.5129673463487983 -0.1698754089905514 -7.173391628458482
0.7712678220832329 -0.189767396298034 -6.765841796595391
1.053927726421806 -0.1989993111862123 -8
4 0 -6.812499999999996
0.1559586619489011 0.1065165947019085 -6.153691698887666
2.804975577709729 0.1197369258142629 -6.543518200956553
0.3069691105012159 0.1413071953084221 -6.277874949133068
3.40793373284948 0.06418906707561259 -6.506552327472587
3.018418821724887 0.1012171396285036 -8
3.404816475115003 0.06450161006211143 -7.497238504805386
3.509359366121138 0.05387900071239783 -8
2.526874985724706 0.1418032103824718 -8
2.792688421207608 0.120762745864382 -7.447579498477337
0.1576864880934645 0.1070313692636451 -7.860454526988719
0.1561548724903308 0.106575243115212 -8
0.3706577391665819 0.1518154797334426 -8
3.328320828292365 0.07208991910255658 -7.003294682593637
1.05392772642192 0.1989993111862141 -8
0.6614701385231476 0.182945345759389 -8
0.9081960960798479 0.1955663549764412 -7.629653128873215
0.5455394812560024 0.1731783374831706 -7.747112903400982
2.241098218935247 0.1617445535566203 -6.459524541903091
1.75970054946858 0.1875058593109383 -6.420238001118918
0.6227999966777209 0.1800082493944999 -7.192755384326428
0.3074230323961413 0.1413888249175754 -7.232740324989667
0.3905917367307887 0.154757249512295 -6.988594330841154
0.9517561065563713 0.1968667600726212 -6.471240432402421
0.5559073021490323 0.1741743009828764 -6.328015227213577
1.911906930851773 0.1805824100457544 -6.881645537524328
1.623765689823931 0.1925745435827919 -7.211520701895665
1.428801588799061 0.1977370339678977 -6.707912771462668
2.184825052834352 0.1653013366589707 -7.447079436935445
2.384497831420409 0.1521130175170299 -6.96848077122978
0.1315884347411286 0.09881288532971785 -6.339864372656914
0.2813217949080615 0.1365183378613558 -6.523551487917523
0.1624578563878272 0.1084336220798748 -7.366096804249832
0.0999449368185506 0.08729495757549008 -7.516734810825991
0.1964479474363316 0.1176933543028789 -6.756226346170628
2.034721905672772 0.1741276454249409 -8
0.3146501659022677 0.1426743799623551 -7.72953710688437
0.4237080547577969 0.1593178704979739 -7.459817031869941
0.4495738880517672 0.1626261111791591 -6.76512749988858
2.81204938072439 0.1191443038038903 -6.99571241169108
0.1253317489397006 0.09668598336922749 -7.68533754652629
1.311051695584405 0.1994844712183229 -6.317424728408552
0.6198809574318822 0.1797740936496003 -6.603095538318714
0.7696225590745674 0.189680386548061 -6.879619256803634
1.173933204851548 0.2000258699746212 -6.978203623629764
1.541961114831785 0.1950633203348406 -8
1.744559450087947 0.1881249904860059 -7.651480656044519
0.2414563129956945 0.1283167321684817 -7.549037262923873
0.1629670394584734 0.1085816332458644 -6.958263306379738
0.1595498052275434 0.1075823065694829 -7.095121590887269
0.07576954232921237 0.07686884520091125 -6.877064576948827
1.282063113654603 0.1997392109020428 -7.750978821259675
1.281113825546516 0.199746325433104 -7.418352679331944
0.9426674464958232 0.1966151380884645 -7.232300608180969
0.6737896660246039 0.1838188590559969 -7.474727632788701
4 0 -8.437499999999996
2.785601814467334 -0.1213523237132758 -8.53913984219508
3.367778694837114 -0.06819526135967746 -8.498346220126464
3.638863991323526 -0.04031480149150395 -8.914148375023711
0 0 -8.199999999999999
0 0 -8.399999999999999
0.1895575061463212 -0.115913647346465 -8.317274894833467
4 0 -9.562500000000002
3.410931148257623 -0.06388829555619695 -9.46389537592283
3.509359366121126 -0.05387900071239911 -10
4 0 -10
3.018418821724848 -0.101217139628507 -10
2.78464515842817 -0.1214317977859419 -9.453631652421695
2.526874985724646 -0.1418032103824763 -10
0.185978052325026 -0.1149704148880371 -9.681411180017792
0 0 -9.599999999999998
0 0 -9.799999999999997
0 0 -10
0.1561548724903343 -0.106575243115213 -10
4 0 -9.187500000000007
1.403907904533059 -0.1981981082999763 -8.658982411475186
1.762782779610694 -0.1873782329999113 -8.391989587991457
1.287857568743732 -0.199694084207659 -8.298416509097455
0.7215688110153209 -0.1869407875413346 -8.252295537663731
0.5601202465877752 -0.174571648874679 -8.518878062148246
0.9607550400257336 -0.1971059767647242 -8.507650174144052
0.5602992664111494 -0.174588440213523 -9.442558944197446
0.6755207422173327 -0.1839392765603212 -9.770326076246878
0.9028366688192506 -0.1953894848080663 -9.585881964721228
2.034721905672685 -0.1741276454249456 -10
1.708152455612513 -0.1895596145876501 -9.572730751793051
1.541961114831672 -0.1950633203348437 -10
1.512741452022291 -0.1958423636400363 -9.112502521971207
1.08151244188455 -0.1993712371119019 -8.983863029419695
2.225131886530517 -0.1627669218954953 -9.505552766306073
2.353137463481367 -0.1542864908944398 -8.974810988837444
2.24378233450681 -0.1615716677231038 -8.448938049471263
3.185434929723908 -0.08584317292712854 -8.997480035596549
0 0 -9
0.1294320085739829 -0.09808726802040682 -9.124280179838884
0.2765667721253562 -0.1355910286134249 -9.007642680288043
0.3101904955565773 -0.1418842248828357 -9.255088629054971
0 0 -9.200000000000001
0.1366095384905849 -0.1004730865735364 -8.878855664609775
0 0 -8.800000000000001
0.3551786326809184 -0.1494236605055956 -8.759410149023969
0.1131348067480639 -0.09233979566317324 -8.480467882105696
0 0 -8.6
0 0 -9.4
0.112240579816048 -0.09200968135373 -9.520184336422883
0.3706577391665578 -0.1518154797334389 -10
0.4155472055110858 -0.1582299479593589 -9.712849013917976
0.2200064223643595 -0.1234543775473286 -9.844685162791652
0.6614701385230805 -0.1829453457593842 -10
0.4384205598162654 -0.1612259526867559 -8.258919031863181
0.2217385711578441 -0.1238599456603763 -8.154058753715917
1.923289841049498 -0.1800154259823815 -9.169269454030662
0.1380107710045366 -0.1009292481605612 -8.645423378641022
0.2977773425980222 -0.1396312503273855 -8.498467070519149
0.293838312034872 -0.1388994375414145 -9.499361529132631
0.1299533341431733 -0.09826339696063922 -9.358704403074226
0.864753292296135 -0.1940208620651794 -9.279333257575903
2.776040496197503 -0.1221453862487135 -8.996444396238758
0.601021662945746 -0.178217516549251 -9.058281988926719
1.259201745026274 -0.1998885707805498 -9.514403455933191
1.869778894777813 -0.1826226884449116 -8.783308091414504
0.7279325060160926 -0.187326049134155 -8.772602414935811
1.053927726421806 -0.1989993111862123 -10
4 0 -8.8125
0.2387006962029977 0.1277110214270858 -8.209689019162742
3.472266231536816 0.05768123308764163 -8.51886391430774
3.509359366121138 0.05387900071239783 -10
3.425063762442539 0.06246695419956026 -9.549505351282326
0.1561548724903308 0.106575243115212 -10
0.2889299138371956 0.1379758797743203 -9.727392358795068
0.3706577391665819 0.1518154797334426 -10
3.018418821724887 0.1012171396285036 -10
3.553576010147157 0.04929872486402904 -9.075057581764451
0.742477593172287 0.1881805584442988 -9.571959181242185
1.05392772642192 0.1989993111862141 -10
0.6614701385231476 0.182945345759389 -10
0.5012581078279513 0.1686208110224405 -9.761918334866403
0.441946192961194 0.1616728986527727 -8.660925446959624
0.6852622423399672 0.1846064112907866 -8.320448339469094
0.7840198004911554 0.1904269743508294 -8.588730192880794
1.141515660534819 0.1998946812648172 -8.344790735470104
0.5341822511135105 0.1720571482548775 -9.203343572257923
0.4163773155249035 0.1583416067144335 -9.472513894453304
0.2652890650701491 0.133339699264625 -9.254772548096497
1.070869405694833 0.1992378990103329 -8.783484799630314
0.6557832968772903 0.1825322053365112 -8.894971495923944
0.344623579323717 0.1477361272324146 -8.972269650039721
1.514652250677592 0.1957932590583354 -8.53500476764356
1.96955347240287 0.1776438182866537 -8.50472705969236
2.034721905672772 0.1741276454249409 -10
1.541961114831785 0.1950633203348406 -10
1.777226883397233 0.1867730190838296 -9.566397293178261
1.385659345936426 0.1985056610016689 -8.978624402765798
1.79626691099283 0.1859574262246422 -9.033196499615231
1.417626611801132 0.1979498776297905 -9.47661380934103
0.8255528459687563 0.192398064876897 -9.154861901279808
2.541682970618308 0.1406910700828941 -8.471394494660981
2.526874985724706 0.1418032103824718 -10
2.623554531784856 0.1344115870050219 -9.508552854260548
0.1786463832871651 0.1129964460623592 -8.522590887203361
0.1389120926796061 0.1012210539194872 -9.101189187083502
0.1689098972712424 0.1102867611725003 -9.497211810224215
2.688993734858685 0.1292367313386426 -8.999712459777538
2.267422342262844 0.1600364996759737 -9.010573031630479
0.185612885896027 0.1148734474380729 -8.745987321567251
0.4646506640637051 0.1644550756313007 -8.183067707761046
0.3657456734494134 0.151066922818193 -8.402090500701267
1.082433273705356 0.1993821661388251 -9.348261368229993
0.1198149169422196 0.09475441070664853 -9.724234913294206
3.053612418250393 0.09804089449370428 -8.700143920192209
3.052650749309185 0.0981281368019617 -9.314999373439431
2.165388742901495 0.1664992475630565 -9.520180317255765
0.1247217646097892 0.096475052746124 -8.927532190266826
0.1299813053311876 0.09827283416217189 -8.341720448374131
0.1020197172740899 0.08811434601477248 -9.334164719205269
3.524044642272488 1.872453415834503e-16 -10
2.589330422771847 2.572896251039754e-17 -10
2.122035608589299 1.020218740598593e-16 -10
3.05666620640037 9.72202173934749e-17 -10
1.188458326759103 1.184812192664499e-17 -10
0.4600832669090655 -5.30849132861642e-17 -10
0.2129058178950858 -2.454401310108506e-16 -10
0.7764701818233947 -6.638929993057812e-17 -10
1.654785601243229 2.895986815986222e-17 -10
1 3 2 1.0
4 6 5 1.0
7 9 8 1.0
10 11 7 1.0
12 14 13 1.0
5 6 15 1.0
6 4 16 1.0
4 5 17 1.0
18 20 19 1.0
21 22 13 1.0
23 25 24 1.0
26 28 27 1.0
29 31 30 1.0
20 33 32 1.0
34 36 35 1.0
37 35 36 1.0
37 38 35 1.0
11 10 39 1.0
11 39 40 1.0
37 36 41 1.0
42 41 36 1.0
37 41 43 1.0
15 44 5 1.0
15 45 44 1.0
30 47 46 1.0
48 47 30 1.0
33 24 49 1.0
50 24 20 1.0
33 20 24 1.0
51 52 49 1.0
53 28 54 1.0
46 47 54 1.0
20 32 55 1.0
56 55 48 1.0
20 55 19 1.0
56 19 55 1.0
27 58 57 1.0
42 26 59 1.0
5 59 57 1.0
41 42 44 1.0
5 44 59 1.0
35 39 34 1.0
10 60 39 1.0
34 60 29 1.0
29 60 61 1.0
62 63 61 1.0
52 53 49 1.0
32 48 55 1.0
56 48 64 1.0
48 32 47 1.0
21 13 14 1.0
1 2 65 1.0
66 2 3 1.0
33 49 53 1.0
32 53 47 1.0
22 23 13 1.0
50 23 24 1.0
22 25 23 1.0
50 67 23 1.0
13 23 67 1.0
34 46 36 1.0
2 69 68 1.0
54 28 70 1.0
66 69 2 1.0
67 69 71 1.0
66 72 69 1.0
29 30 46 1.0
29 46 34 1.0
49 24 25 1.0
51 49 25 1.0
17 57 58 1.0
5 57 17 1.0
27 57 26 1.0
26 57 59 1.0
45 43 41 1.0
45 41 44 1.0
59 44 42 1.0
33 53 32 1.0
54 47 53 1.0
31 29 61 1.0
10 61 60 1.0
31 61 63 1.0
62 61 73 1.0
40 35 38 1.0
60 34 39 1.0
40 39 35 1.0
53 52 74 1.0
75 74 52 1.0
53 74 28 1.0
28 74 27 1.0
72 71 69 1.0
12 71 72 1.0
67 71 13 1.0
12 13 71 1.0
31 63 64 1.0
31 64 30 1.0
30 64 48 1.0
75 27 74 1.0
27 75 58 1.0
8 62 73 1.0
10 73 61 1.0
8 73 7 1.0
10 7 73 1.0
50 20 76 1.0
18 76 20 1.0
18 65 76 1.0
50 76 77 1.0
65 77 76 1.0
65 2 77 1.0
26 42 70 1.0
46 78 36 1.0
42 36 78 1.0
46 54 70 1.0
26 70 28 1.0
46 70 78 1.0
78 70 42 1.0
67 68 69 1.0
50 68 67 1.0
2 68 77 1.0
50 77 68 1.0
9 7 79 1.0
37 43 80 1.0
81 66 3 1.0
16 82 6 1.0
83 84 82 1.0
85 14 12 1.0
86 88 87 1.0
89 90 87 1.0
91 86 92 1.0
91 88 86 1.0
93 95 94 1.0
12 95 85 1.0
96 80 97 1.0
96 98 80 1.0
96 89 98 1.0
93 100 99 1.0
101 102 99 1.0
103 105 104 1.0
106 108 107 1.0
101 107 109 1.0
12 72 110 1.0
12 110 95 1.0
94 95 110 1.0
89 87 98 1.0
111 87 88 1.0
86 87 90 1.0
96 112 89 1.0
113 112 114 1.0
40 115 11 1.0
45 116 97 1.0
45 15 116 1.0
38 37 117 1.0
80 117 37 1.0
80 43 118 1.0
45 118 43 1.0
80 118 97 1.0
45 97 118 1.0
119 121 120 1.0
85 122 121 1.0
93 122 95 1.0
85 95 122 1.0
105 119 102 1.0
93 99 120 1.0
38 123 40 1.0
38 117 123 1.0
40 123 115 1.0
91 124 88 1.0
125 88 124 1.0
112 113 89 1.0
126 128 127 1.0
100 127 129 1.0
130 96 116 1.0
98 87 131 1.0
117 80 131 1.0
100 93 132 1.0
94 132 93 1.0
100 132 127 1.0
127 132 133 1.0
107 134 129 1.0
101 134 107 1.0
100 134 99 1.0
101 99 134 1.0
96 114 112 1.0
128 129 127 1.0
106 129 128 1.0
100 129 134 1.0
106 107 129 1.0
72 66 110 1.0
110 66 133 1.0
94 110 133 1.0
81 133 66 1.0
81 126 133 1.0
94 133 132 1.0
126 127 133 1.0
7 135 79 1.0
7 11 135 1.0
102 104 105 1.0
102 101 104 1.0
114 96 130 1.0
97 116 96 1.0
116 84 130 1.0
135 115 125 1.0
123 136 115 1.0
123 111 136 1.0
83 130 84 1.0
137 114 138 1.0
83 138 130 1.0
109 108 86 1.0
107 108 109 1.0
90 109 86 1.0
101 109 139 1.0
113 139 90 1.0
101 139 104 1.0
104 139 140 1.0
92 86 108 1.0
141 140 137 1.0
103 140 141 1.0
113 140 139 1.0
103 104 140 1.0
109 90 139 1.0
89 113 90 1.0
111 88 136 1.0
125 136 88 1.0
84 116 142 1.0
15 142 116 1.0
15 6 142 1.0
130 138 114 1.0
141 137 138 1.0
114 137 113 1.0
113 137 140 1.0
136 125 115 1.0
11 115 135 1.0
102 120 99 1.0
119 120 102 1.0
93 120 122 1.0
122 120 121 1.0
111 131 87 1.0
123 131 111 1.0
98 131 80 1.0
123 117 131 1.0
6 82 142 1.0
84 142 82 1.0
79 135 143 1.0
125 143 135 1.0
79 143 124 1.0
125 124 143 1.0
21 14 144 1.0
145 4 146 1.0
17 146 4 1.0
145 16 4 1.0
147 145 146 1.0
148 150 149 1.0
151 153 152 1.0
149 150 154 1.0
150 148 155 1.0
148 149 156 1.0
25 157 51 1.0
158 159 152 1.0
160 162 161 1.0
163 165 164 1.0
157 167 166 1.0
147 146 168 1.0
147 168 169 1.0
170 172 171 1.0
173 172 174 1.0
170 174 172 1.0
175 174 176 1.0
170 176 174 1.0
170 177 176 1.0
154 178 149 1.0
154 179 178 1.0
167 181 180 1.0
182 181 157 1.0
167 157 181 1.0
183 184 180 1.0
161 186 185 1.0
187 186 161 1.0
188 165 189 1.0
185 186 189 1.0
157 166 190 1.0
52 190 187 1.0
157 190 51 1.0
52 51 190 1.0
164 192 191 1.0
176 168 175 1.0
146 193 168 1.0
175 193 160 1.0
146 162 193 1.0
173 163 194 1.0
149 194 191 1.0
172 173 178 1.0
149 178 194 1.0
58 162 17 1.0
184 188 180 1.0
166 187 190 1.0
52 187 75 1.0
187 166 186 1.0
158 152 153 1.0
21 144 22 1.0
195 144 14 1.0
167 180 188 1.0
159 196 152 1.0
182 196 181 1.0
196 159 197 1.0
182 198 196 1.0
152 196 198 1.0
174 175 199 1.0
144 201 200 1.0
189 165 202 1.0
195 201 144 1.0
198 201 203 1.0
195 204 201 1.0
160 185 175 1.0
160 161 185 1.0
205 183 197 1.0
156 191 192 1.0
149 191 156 1.0
164 191 163 1.0
163 191 194 1.0
179 171 172 1.0
179 172 178 1.0
194 178 173 1.0
160 193 162 1.0
146 17 162 1.0
189 186 206 1.0
169 176 177 1.0
193 175 168 1.0
169 168 176 1.0
188 184 207 1.0
208 207 184 1.0
188 207 165 1.0
165 207 164 1.0
162 58 161 1.0
75 161 58 1.0
161 75 187 1.0
204 203 201 1.0
151 203 204 1.0
198 203 152 1.0
151 152 203 1.0
208 164 207 1.0
164 208 192 1.0
188 189 206 1.0
166 206 186 1.0
188 206 167 1.0
166 167 206 1.0
22 144 209 1.0
182 157 209 1.0
157 25 210 1.0
22 210 25 1.0
157 210 209 1.0
22 209 210 1.0
173 174 199 1.0
185 199 175 1.0
163 173 202 1.0
199 202 173 1.0
185 202 199 1.0
163 202 165 1.0
185 189 202 1.0
182 209 200 1.0
144 200 209 1.0
182 200 198 1.0
198 200 201 1.0
181 196 197 1.0
205 197 159 1.0
181 197 180 1.0
180 197 183 1.0
82 16 145 1.0
82 211 83 1.0
211 82 145 1.0
195 14 212 1.0
150 155 213 1.0
214 153 215 1.0
103 141 216 1.0
217 219 218 1.0
85 121 212 1.0
220 221 215 1.0
222 224 223 1.0
225 227 226 1.0
222 228 224 1.0
222 230 229 1.0
231 219 229 1.0
232 234 233 1.0
227 230 223 1.0
235 230 236 1.0
231 237 216 1.0
216 237 103 1.0
238 119 234 1.0
239 234 240 1.0
241 236 242 1.0
235 236 243 1.0
216 141 244 1.0
169 245 147 1.0
224 228 246 1.0
224 246 171 1.0
170 171 246 1.0
154 247 179 1.0
221 220 248 1.0
232 233 220 1.0
235 243 249 1.0
239 249 250 1.0
239 237 249 1.0
169 177 251 1.0
138 83 252 1.0
211 252 83 1.0
138 252 218 1.0
218 252 253 1.0
254 256 255 1.0
257 256 254 1.0
225 256 227 1.0
227 256 258 1.0
259 261 260 1.0
243 236 260 1.0
237 235 249 1.0
219 231 244 1.0
262 225 247 1.0
224 247 226 1.0
248 220 261 1.0
233 261 220 1.0
248 261 259 1.0
217 263 228 1.0
105 103 240 1.0
237 239 103 1.0
240 103 239 1.0
219 217 229 1.0
229 217 222 1.0
228 222 217 1.0
226 223 224 1.0
227 223 226 1.0
222 223 230 1.0
243 250 249 1.0
233 250 243 1.0
239 250 234 1.0
233 234 250 1.0
214 215 221 1.0
151 215 153 1.0
85 212 14 1.0
150 262 154 1.0
150 213 262 1.0
234 232 238 1.0
121 119 238 1.0
121 238 212 1.0
242 236 258 1.0
242 258 257 1.0
257 258 256 1.0
264 265 232 1.0
212 238 265 1.0
218 219 244 1.0
216 244 231 1.0
218 244 138 1.0
138 244 141 1.0
236 230 258 1.0
227 258 230 1.0
105 240 119 1.0
240 234 119 1.0
228 263 266 1.0
228 266 246 1.0
170 246 266 1.0
217 253 251 1.0
218 253 217 1.0
245 253 211 1.0
211 253 252 1.0
215 267 264 1.0
151 267 215 1.0
265 267 268 1.0
151 204 267 1.0
229 230 235 1.0
229 235 231 1.0
231 235 237 1.0
238 232 265 1.0
220 264 232 1.0
265 264 267 1.0
220 215 264 1.0
170 266 269 1.0
263 269 266 1.0
170 269 177 1.0
263 177 269 1.0
154 262 247 1.0
226 247 225 1.0
179 247 270 1.0
224 270 247 1.0
179 270 171 1.0
224 171 270 1.0
233 260 261 1.0
243 260 233 1.0
259 260 241 1.0
241 260 236 1.0
211 145 271 1.0
147 271 145 1.0
211 271 245 1.0
147 245 271 1.0
263 217 251 1.0
245 251 253 1.0
263 251 177 1.0
245 169 251 1.0
195 212 268 1.0
265 268 212 1.0
195 268 204 1.0
204 268 267 1.0
213 254 255 1.0
225 255 256 1.0
213 255 262 1.0
225 262 255 1.0
158 153 272 1.0
155 148 273 1.0
274 148 156 1.0
273 148 274 1.0
275 277 276 1.0
278 280 279 1.0
281 282 278 1.0
208 283 192 1.0
284 286 285 1.0
192 283 287 1.0
288 283 289 1.0
290 292 291 1.0
293 295 294 1.0
296 298 297 1.0
294 295 299 1.0
300 299 295 1.0
294 299 301 1.0
300 301 299 1.0
302 304 303 1.0
305 307 306 1.0
159 292 205 1.0
290 306 308 1.0
309 311 310 1.0
281 311 282 1.0
309 282 311 1.0
312 287 283 1.0
274 287 313 1.0
192 287 156 1.0
274 156 287 1.0
312 283 314 1.0
288 314 283 1.0
311 315 293 1.0
290 316 292 1.0
317 316 318 1.0
294 304 319 1.0
316 308 318 1.0
290 308 316 1.0
310 293 320 1.0
286 318 308 1.0
274 297 273 1.0
298 273 297 1.0
304 302 321 1.0
319 304 321 1.0
277 322 276 1.0
317 318 323 1.0
320 293 324 1.0
319 314 325 1.0
291 292 326 1.0
158 272 326 1.0
288 289 318 1.0
184 289 208 1.0
208 289 283 1.0
319 325 294 1.0
293 294 325 1.0
315 311 281 1.0
310 311 293 1.0
295 293 315 1.0
320 288 327 1.0
316 317 328 1.0
316 328 292 1.0
205 292 328 1.0
307 285 329 1.0
286 329 285 1.0
286 308 329 1.0
205 328 183 1.0
183 328 323 1.0
276 322 330 1.0
291 330 331 1.0
276 330 332 1.0
332 330 333 1.0
312 314 334 1.0
319 334 314 1.0
312 334 313 1.0
319 321 334 1.0
331 322 306 1.0
277 305 322 1.0
308 306 329 1.0
307 329 306 1.0
310 335 309 1.0
335 310 336 1.0
337 338 279 1.0
281 338 315 1.0
337 315 338 1.0
306 290 331 1.0
291 331 290 1.0
305 306 322 1.0
322 331 330 1.0
284 335 336 1.0
320 336 310 1.0
284 336 286 1.0
318 327 288 1.0
286 327 318 1.0
320 327 336 1.0
286 336 327 1.0
296 321 302 1.0
297 321 296 1.0
297 274 313 1.0
312 313 287 1.0
297 313 321 1.0
321 313 334 1.0
315 337 339 1.0
300 339 337 1.0
315 339 295 1.0
300 295 339 1.0
279 338 278 1.0
281 278 338 1.0
291 326 333 1.0
272 333 326 1.0
291 333 330 1.0
272 332 333 1.0
323 318 289 1.0
184 323 289 1.0
317 323 328 1.0
184 183 323 1.0
292 159 340 1.0
158 340 159 1.0
292 340 326 1.0
158 326 340 1.0
301 303 341 1.0
304 341 303 1.0
301 341 294 1.0
304 294 341 1.0
314 288 324 1.0
320 324 288 1.0
314 324 325 1.0
325 324 293 1.0
155 273 213 1.0
303 301 342 1.0
343 254 213 1.0
214 272 153 1.0
279 280 344 1.0
345 347 346 1.0
276 348 275 1.0
349 351 350 1.0
352 354 353 1.0
355 356 353 1.0
257 355 242 1.0
257 356 355 1.0
276 357 348 1.0
358 357 359 1.0
360 342 361 1.0
360 352 362 1.0
360 362 342 1.0
358 364 363 1.0
365 367 366 1.0
368 369 363 1.0
259 241 370 1.0
368 370 371 1.0
276 332 372 1.0
276 372 357 1.0
359 357 372 1.0
352 353 362 1.0
373 353 356 1.0
355 353 354 1.0
360 374 352 1.0
375 374 351 1.0
296 376 298 1.0
300 337 377 1.0
300 377 361 1.0
342 301 378 1.0
300 378 301 1.0
342 378 361 1.0
300 361 378 1.0
342 379 303 1.0
302 303 379 1.0
348 357 380 1.0
358 380 357 1.0
348 380 381 1.0
382 381 383 1.0
358 363 383 1.0
367 382 369 1.0
302 379 384 1.0
302 384 296 1.0
343 356 254 1.0
257 254 356 1.0
374 375 352 1.0
364 386 385 1.0
221 248 386 1.0
360 361 387 1.0
375 351 388 1.0
362 353 389 1.0
379 342 389 1.0
386 391 390 1.0
364 391 386 1.0
359 391 358 1.0
364 358 391 1.0
370 392 385 1.0
368 392 370 1.0
364 392 363 1.0
368 363 392 1.0
248 385 386 1.0
259 385 248 1.0
364 385 392 1.0
259 370 385 1.0
214 390 272 1.0
214 221 390 1.0
272 390 372 1.0
359 372 390 1.0
272 372 332 1.0
359 390 391 1.0
221 386 390 1.0
273 298 393 1.0
369 366 367 1.0
369 368 366 1.0
351 374 387 1.0
350 351 394 1.0
345 387 377 1.0
345 346 394 1.0
350 394 346 1.0
345 394 387 1.0
387 394 351 1.0
384 373 395 1.0
343 376 395 1.0
374 360 387 1.0
377 387 361 1.0
371 370 396 1.0
241 396 370 1.0
371 396 354 1.0
241 242 396 1.0
355 396 242 1.0
366 397 388 1.0
368 397 366 1.0
375 397 354 1.0
368 371 397 1.0
354 396 355 1.0
349 388 351 1.0
365 388 349 1.0
375 388 397 1.0
365 366 388 1.0
345 377 398 1.0
337 398 377 1.0
337 279 398 1.0
343 395 356 1.0
373 356 395 1.0
371 354 397 1.0
352 375 354 1.0
347 344 280 1.0
345 344 347 1.0
279 344 398 1.0
345 398 344 1.0
373 389 353 1.0
384 389 373 1.0
362 389 342 1.0
384 379 389 1.0
343 213 393 1.0
273 393 213 1.0
343 393 376 1.0
376 393 298 1.0
384 395 296 1.0
376 296 395 1.0
369 383 363 1.0
382 383 369 1.0
358 383 380 1.0
380 383 381 1.0
277 275 399 1.0
305 401 400 1.0
401 277 399 1.0
401 399 402 1.0
403 405 404 1.0
404 405 406 1.0
407 280 278 1.0
305 400 307 1.0
408 407 409 1.0
406 405 410 1.0
401 305 277 1.0
411 403 404 1.0
403 411 412 1.0
413 415 414 1.0
415 417 416 1.0
418 404 402 1.0
284 420 419 1.0
335 419 421 1.0
422 421 423 1.0
335 421 309 1.0
424 426 425 1.0
427 429 428 1.0
430 431 420 1.0
423 420 431 1.0
432 406 433 1.0
427 428 433 1.0
432 434 400 1.0
400 401 435 1.0
404 406 435 1.0
436 438 437 1.0
439 437 438 1.0
436 437 440 1.0
439 440 437 1.0
441 443 442 1.0
439 442 443 1.0
441 442 438 1.0
439 438 442 1.0
444 445 414 1.0
413 414 445 1.0
409 446 408 1.0
447 408 446 1.0
400 434 307 1.0
285 307 434 1.0
427 433 410 1.0
406 410 433 1.0
448 450 449 1.0
425 451 449 1.0
409 453 452 1.0
433 428 454 1.0
441 424 455 1.0
413 455 449 1.0
441 455 456 1.0
413 445 455 1.0
446 458 457 1.0
409 458 446 1.0
436 458 422 1.0
422 458 452 1.0
426 424 459 1.0
282 309 452 1.0
411 404 418 1.0
400 435 460 1.0
406 460 435 1.0
400 460 432 1.0
406 432 460 1.0
461 431 459 1.0
426 459 462 1.0
417 415 450 1.0
413 450 415 1.0
417 450 448 1.0
278 282 453 1.0
278 453 407 1.0
409 407 453 1.0
335 284 419 1.0
423 421 419 1.0
420 423 419 1.0
430 420 463 1.0
434 432 463 1.0
436 464 438 1.0
438 464 465 1.0
441 438 465 1.0
461 465 464 1.0
424 441 465 1.0
423 466 422 1.0
461 466 431 1.0
423 431 466 1.0
422 466 464 1.0
461 464 466 1.0
422 464 436 1.0
431 462 459 1.0
430 462 431 1.0
430 428 462 1.0
420 284 463 1.0
434 463 285 1.0
284 285 463 1.0
424 465 459 1.0
461 459 465 1.0
430 463 454 1.0
432 454 463 1.0
430 454 428 1.0
432 433 454 1.0
426 462 467 1.0
421 422 452 1.0
409 452 458 1.0
421 452 309 1.0
282 452 453 1.0
447 446 457 1.0
436 457 458 1.0
447 457 440 1.0
436 440 457 1.0
448 449 451 1.0
413 449 450 1.0
425 449 424 1.0
424 449 455 1.0
445 456 455 1.0
444 456 445 1.0
441 456 443 1.0
444 443 456 1.0
467 462 429 1.0
428 429 462 1.0
468 418 402 1.0
435 402 404 1.0
468 402 399 1.0
435 401 402 1.0
425 426 467 1.0
425 467 451 1.0
347 280 469 1.0
470 381 382 1.0
471 346 469 1.0
381 470 472 1.0
473 475 474 1.0
381 472 348 1.0
473 477 476 1.0
399 275 348 1.0
399 348 472 1.0
472 468 399 1.0
475 411 474 1.0
415 416 478 1.0
479 480 478 1.0
481 474 418 1.0
475 412 411 1.0
474 477 473 1.0
482 484 483 1.0
483 484 485 1.0
486 367 487 1.0
488 490 489 1.0
350 491 349 1.0
350 492 491 1.0
493 495 494 1.0
494 496 493 1.0
497 470 486 1.0
497 496 477 1.0
498 408 499 1.0
500 444 501 1.0
474 481 477 1.0
470 481 472 1.0
447 440 502 1.0
477 496 476 1.0
503 476 496 1.0
471 492 346 1.0
350 346 492 1.0
504 485 505 1.0
483 485 480 1.0
504 480 485 1.0
367 486 382 1.0
470 382 486 1.0
489 500 505 1.0
411 418 474 1.0
468 481 418 1.0
468 472 481 1.0
506 502 490 1.0
477 481 507 1.0
470 507 481 1.0
477 507 497 1.0
470 497 507 1.0
407 408 498 1.0
415 508 414 1.0
444 500 443 1.0
502 506 499 1.0
471 498 499 1.0
509 491 495 1.0
510 511 491 1.0
497 493 496 1.0
486 493 497 1.0
512 494 495 1.0
489 443 500 1.0
498 471 469 1.0
347 469 346 1.0
498 469 407 1.0
407 469 280 1.0
502 499 447 1.0
447 499 408 1.0
495 493 487 1.0
486 487 493 1.0
495 487 509 1.0
365 487 367 1.0
513 503 514 1.0
496 514 503 1.0
496 494 514 1.0
414 501 444 1.0
508 501 414 1.0
505 500 515 1.0
490 502 516 1.0
516 439 517 1.0
439 516 518 1.0
502 518 516 1.0
439 518 440 1.0
502 440 518 1.0
471 499 492 1.0
506 510 499 1.0
508 504 515 1.0
505 515 504 1.0
508 515 501 1.0
501 515 500 1.0
492 499 510 1.0
492 510 491 1.0
512 491 511 1.0
349 491 509 1.0
512 495 491 1.0
349 509 365 1.0
365 509 487 1.0
504 478 480 1.0
508 478 504 1.0
479 478 416 1.0
508 415 478 1.0
513 514 519 1.0
505 488 489 1.0
443 489 517 1.0
490 517 489 1.0
443 517 439 1.0
490 516 517 1.0
519 514 520 1.0
513 519 482 1.0
484 482 519 1.0
494 512 520 1.0
494 520 514 1.0
484 519 520 1.0
510 506 511 1.0
506 490 511 1.0
488 511 490 1.0
488 522 521 1.0
505 522 488 1.0
484 522 485 1.0
505 485 522 1.0
512 511 521 1.0
488 521 511 1.0
484 521 522 1.0
512 521 520 1.0
484 520 521 1.0
403 412 523 1.0
405 525 524 1.0
525 403 523 1.0
525 523 526 1.0
527 416 417 1.0
528 527 529 1.0
525 405 403 1.0
530 532 531 1.0
533 532 530 1.0
532 534 531 1.0
535 534 536 1.0
537 539 538 1.0
539 541 540 1.0
405 524 410 1.0
542 531 526 1.0
535 531 534 1.0
543 545 544 1.0
467 546 451 1.0
547 546 548 1.0
545 548 467 1.0
549 551 550 1.0
552 554 553 1.0
555 556 543 1.0
548 543 556 1.0
552 553 557 1.0
558 535 557 1.0
558 559 524 1.0
525 560 524 1.0
535 560 531 1.0
561 563 562 1.0
564 562 563 1.0
561 562 565 1.0
564 565 562 1.0
561 567 566 1.0
568 566 567 1.0
561 566 563 1.0
568 563 566 1.0
529 569 528 1.0
570 528 569 1.0
571 572 538 1.0
537 538 572 1.0
552 557 536 1.0
535 536 557 1.0
524 559 410 1.0
427 410 559 1.0
573 575 574 1.0
576 573 550 1.0
529 578 577 1.0
557 553 579 1.0
569 581 580 1.0
529 581 569 1.0
568 581 547 1.0
547 581 577 1.0
564 549 582 1.0
537 582 574 1.0
564 582 583 1.0
537 572 582 1.0
551 549 584 1.0
448 451 577 1.0
530 531 542 1.0
524 560 585 1.0
535 585 560 1.0
524 585 558 1.0
535 558 585 1.0
586 556 584 1.0
551 584 587 1.0
541 539 575 1.0
537 575 539 1.0
541 575 573 1.0
417 448 578 1.0
417 578 527 1.0
529 527 578 1.0
467 429 545 1.0
546 467 548 1.0
543 548 545 1.0
555 543 588 1.0
559 558 588 1.0
568 586 563 1.0
564 563 586 1.0
549 564 586 1.0
548 556 589 1.0
586 589 556 1.0
548 589 547 1.0
586 568 589 1.0
547 589 568 1.0
556 587 584 1.0
555 587 556 1.0
555 553 587 1.0
429 544 545 1.0
543 544 588 1.0
559 588 544 1.0
549 586 584 1.0
555 588 579 1.0
558 579 588 1.0
555 579 553 1.0
558 557 579 1.0
551 587 590 1.0
429 427 544 1.0
559 544 427 1.0
546 547 577 1.0
529 577 581 1.0
546 577 451 1.0
448 577 578 1.0
568 567 580 1.0
570 580 567 1.0
568 580 581 1.0
570 569 580 1.0
550 573 574 1.0
537 574 575 1.0
550 574 549 1.0
549 574 582 1.0
572 583 582 1.0
571 583 572 1.0
564 583 565 1.0
571 565 583 1.0
590 587 554 1.0
553 554 587 1.0
591 542 526 1.0
560 526 531 1.0
591 526 523 1.0
560 525 526 1.0
550 551 590 1.0
550 590 576 1.0
479 416 527 1.0
479 592 480 1.0
592 479 527 1.0
473 593 475 1.0
523 412 475 1.0
523 475 593 1.0
594 530 595 1.0
593 591 523 1.0
539 540 596 1.0
597 596 598 1.0
599 594 595 1.0
595 530 600 1.0
594 533 530 1.0
601 603 602 1.0
603 601 604 1.0
605 607 606 1.0
513 482 608 1.0
609 611 610 1.0
601 610 604 1.0
612 607 613 1.0
609 614 611 1.0
608 612 615 1.0
503 513 616 1.0
617 619 618 1.0
620 621 615 1.0
619 621 622 1.0
609 601 623 1.0
473 476 624 1.0
599 626 625 1.0
570 627 528 1.0
611 614 628 1.0
611 628 565 1.0
561 565 628 1.0
538 629 571 1.0
607 608 606 1.0
630 624 631 1.0
567 632 570 1.0
570 632 627 1.0
483 480 633 1.0
592 633 480 1.0
483 633 606 1.0
606 633 634 1.0
597 598 604 1.0
603 604 598 1.0
597 604 610 1.0
623 635 612 1.0
616 621 631 1.0
610 601 609 1.0
602 618 622 1.0
635 601 602 1.0
636 597 629 1.0
611 629 610 1.0
616 631 624 1.0
630 631 626 1.0
632 605 627 1.0
630 637 624 1.0
593 637 600 1.0
630 626 638 1.0
630 638 637 1.0
637 638 600 1.0
542 600 530 1.0
591 600 542 1.0
595 600 638 1.0
591 593 600 1.0
605 632 614 1.0
607 605 613 1.0
539 636 538 1.0
597 636 596 1.0
539 596 636 1.0
538 636 629 1.0
610 629 597 1.0
613 609 623 1.0
601 635 623 1.0
482 606 608 1.0
612 608 607 1.0
606 482 483 1.0
620 615 612 1.0
616 615 621 1.0
608 615 513 1.0
616 513 615 1.0
631 621 639 1.0
617 625 639 1.0
614 632 640 1.0
614 640 628 1.0
561 628 640 1.0
627 605 634 1.0
606 634 605 1.0
627 634 641 1.0
592 634 633 1.0
613 623 612 1.0
620 612 635 1.0
561 640 567 1.0
632 567 640 1.0
635 602 622 1.0
619 622 618 1.0
635 622 620 1.0
620 622 621 1.0
593 473 637 1.0
624 637 473 1.0
616 624 503 1.0
476 503 624 1.0
614 613 605 1.0
614 609 613 1.0
595 638 599 1.0
626 599 638 1.0
592 527 641 1.0
528 641 527 1.0
592 641 634 1.0
528 627 641 1.0
571 629 642 1.0
611 642 629 1.0
571 642 565 1.0
611 565 642 1.0
619 639 621 1.0
617 639 619 1.0
631 639 626 1.0
626 639 625 1.0
532 533 643 1.0
536 534 644 1.0
552 536 645 1.0
532 646 534 1.0
590 554 647 1.0
573 576 648 1.0
541 573 649 1.0
590 650 576 1.0
552 651 554 1.0
646 644 534 1.0
645 651 552 1.0
645 536 644 1.0
647 554 651 1.0
540 541 649 1.0
648 649 573 1.0
576 650 648 1.0
647 650 590 1.0
646 532 643 1.0
596 540 649 1.0
603 598 648 1.0
602 603 650 1.0
596 649 598 1.0
617 618 651 1.0
599 625 644 1.0
594 599 646 1.0
617 645 625 1.0
602 647 618 1.0
648 650 603 1.0
651 618 647 1.0
602 650 647 1.0
651 645 617 1.0
594 643 533 1.0
644 646 599 1.0
643 594 646 1.0
625 645 644 1.0
598 649 648 1.0
