2 0.000000 100.000000 5791.461216
340 268 
1 -100.000000 0.000000 -100.191006 99.998015 0.000000 0.000157 0.000040 
2 103.995437 0.000000 -100.191006 99.998086 0.000001 -0.012807 0.000038 
3 103.995437 0.000000 100.000000 100.001911 -0.000000 -0.012793 -0.000038 
4 -100.000000 0.000000 100.000000 100.001982 -0.000000 0.000161 -0.000040 
5 1.997718 0.000000 -0.095503 99.805999 -0.000014 -4.766489 0.001604 
6 -100.000000 0.000000 -0.095503 99.999992 0.000000 0.002473 0.000000 
7 1.997718 0.000000 -100.191006 99.994347 0.000001 -0.006448 0.000113 
8 103.995437 0.000000 -0.095503 99.999992 0.001951 -2.141704 -0.000459 
9 1.997718 0.000000 100.000000 100.005656 -0.000000 -0.006440 -0.000113 
10 52.996578 0.000000 -50.143254 99.992515 -0.000000 -0.053269 0.000149 
11 1.997718 0.000000 -50.143254 99.977671 -0.000000 -0.027539 0.000446 
12 52.996578 0.000000 -100.191006 99.996054 0.000001 -0.011274 0.000079 
13 103.995437 0.000000 -50.143254 99.998114 0.000005 -0.050714 0.000037 
14 52.996578 0.000000 -0.095503 99.999939 0.000134 -2.391444 -0.000571 
15 -49.001141 0.000000 -50.143254 99.991956 -0.000000 0.000067 0.000161 
16 -100.000000 0.000000 -50.143254 99.998002 0.000000 0.001374 0.000040 
17 -49.001141 0.000000 -100.191006 99.995936 0.000000 -0.001485 0.000081 
18 -49.001141 0.000000 -0.095503 99.999931 0.000001 0.009276 0.000001 
19 52.996578 0.000000 49.952249 100.007462 0.000006 -0.053143 -0.000150 
20 1.997718 0.000000 49.952249 100.022345 0.000003 -0.027467 -0.000447 
21 103.995437 0.000000 49.952249 100.001877 0.000001 -0.050576 -0.000038 
22 52.996578 0.000000 100.000000 100.003945 -0.000000 -0.011265 -0.000079 
23 27.497148 0.000000 -25.119379 99.971642 0.000000 -0.202718 0.000563 
24 1.997718 0.000000 -25.119379 99.914826 -0.000000 -0.108562 0.001702 
25 27.497148 0.000000 -50.143254 99.984582 -0.000000 -0.046957 0.000308 
26 52.996578 0.000000 -25.119379 99.992704 0.000006 -0.198977 0.000142 
27 27.497148 0.000000 -0.095503 99.999549 0.000139 -2.108700 -0.000436 
28 -49.001141 0.000000 49.952249 100.008024 0.000001 0.000104 -0.000160 
29 -100.000000 0.000000 49.952249 100.001988 0.000000 0.001381 -0.000040 
30 -49.001141 0.000000 100.000000 100.004063 -0.000000 -0.001476 -0.000081 
31 -23.501711 0.000000 -25.119379 99.967345 -0.000000 -0.000951 0.000653 
32 -49.001141 0.000000 -25.119379 99.991826 0.000000 0.004831 0.000163 
33 -23.501711 0.000000 -50.143254 99.983662 -0.000000 -0.007077 0.000327 
34 -23.501711 0.000000 -0.095503 99.999463 0.000002 0.037212 0.000011 
35 27.497148 0.000000 24.928373 100.028178 0.000019 -0.201774 -0.000568 
36 1.997718 0.000000 24.928373 100.085291 0.000011 -0.108098 -0.001708 
37 52.996578 0.000000 24.928373 100.007223 0.000016 -0.197859 -0.000148 
38 27.497148 0.000000 49.952249 100.015402 0.000005 -0.046871 -0.000308 
39 14.747433 0.000000 -12.607441 99.900827 0.000023 -0.522060 0.001955 
40 1.997718 0.000000 -12.607441 99.708165 0.000013 -0.292281 0.005820 
41 14.747433 0.000000 -25.119379 99.942085 0.000000 -0.179458 0.001155 
42 27.497148 0.000000 -12.607441 99.973030 0.000010 -0.625820 0.000500 
43 14.747433 0.000000 -0.095503 99.996825 0.000142 -2.205272 -0.000423 
44 -23.501711 0.000000 24.928373 100.032508 0.000004 -0.000659 -0.000650 
45 -49.001141 0.000000 24.928373 100.008099 0.000001 0.004886 -0.000162 
46 -23.501711 0.000000 49.952249 100.016331 0.000002 -0.007005 -0.000327 
47 -10.751996 0.000000 -12.607441 99.870940 0.000005 0.019873 0.002580 
48 -23.501711 0.000000 -12.607441 99.966374 0.000001 0.018457 0.000672 
49 -10.751996 0.000000 -25.119379 99.935224 -0.000000 -0.030275 0.001295 
50 -10.751996 0.000000 -0.095503 99.996352 0.000005 0.191406 0.000069 
51 14.747433 0.000000 12.416435 100.097780 0.000008 -0.517722 -0.001983 
52 1.997718 0.000000 12.416435 100.292671 0.000006 -0.290959 -0.005870 
53 27.497148 0.000000 12.416435 100.026430 0.000031 -0.619412 -0.000567 
54 14.747433 0.000000 24.928373 100.057773 0.000015 -0.178837 -0.001159 
55 8.372576 0.000000 -6.351472 99.707846 -0.000016 -1.163617 0.005699 
56 1.997718 0.000000 -6.351472 99.198878 -0.000000 -0.715598 0.015907 
57 8.372576 0.000000 -12.607441 99.803976 0.000018 -0.472249 0.003894 
58 14.747433 0.000000 -6.351472 99.910228 -0.000021 -1.132759 0.001666 
59 8.372576 0.000000 -0.095503 99.987561 0.000206 -2.481860 -0.000367 
60 -10.751996 0.000000 12.416435 100.128268 0.000004 0.021906 -0.002567 
61 -23.501711 0.000000 12.416435 100.033057 0.000003 0.018909 -0.000661 
62 -10.751996 0.000000 24.928373 100.064764 0.000006 -0.029750 -0.001296 
63 -4.377139 0.000000 -6.351472 99.540932 0.000008 0.080840 0.009160 
64 -10.751996 0.000000 -6.351472 99.865755 0.000005 0.107629 0.002682 
65 -4.377139 0.000000 -12.607441 99.760012 0.000008 -0.069231 0.004794 
66 -4.377139 0.000000 -0.095503 99.978351 0.000007 0.750455 0.000377 
67 8.372576 0.000000 6.160466 100.284267 -0.000002 -1.152916 -0.005826 
68 1.997718 0.000000 6.160466 100.806262 0.000010 -0.718551 -0.016242 
69 14.747433 0.000000 6.160466 100.085991 -0.000010 -1.114496 -0.001845 
70 8.372576 0.000000 12.416435 100.194804 0.000006 -0.470008 -0.003922 
71 5.185147 0.000000 -3.223487 99.300060 -0.000136 -1.973379 0.013560 
72 1.997718 0.000000 -3.223487 98.302477 -0.000066 -1.403742 0.033465 
73 5.185147 0.000000 -6.351472 99.462066 -0.000009 -1.074075 0.010614 
74 8.372576 0.000000 -3.223487 99.754444 -0.000173 -1.821400 0.004573 
75 5.185147 0.000000 -0.095503 99.975957 0.000271 -3.196207 -0.000541 
76 -4.377139 0.000000 6.160466 100.458028 0.000007 0.092810 -0.009182 
77 -10.751996 0.000000 6.160466 100.130676 0.000004 0.110964 -0.002616 
78 -4.377139 0.000000 12.416435 100.240520 0.000005 -0.066378 -0.004817 
79 -1.189710 0.000000 -3.223487 98.574900 -0.000007 0.248036 0.028293 
80 -4.377139 0.000000 -3.223487 99.510404 0.000006 0.405443 0.009752 
81 -1.189710 0.000000 -6.351472 99.251303 0.000006 -0.189080 0.014914 
82 -1.189710 0.000000 -0.095503 99.785805 0.000002 3.228376 0.003237 
83 5.185147 0.000000 3.032481 100.671394 0.000057 -1.968017 -0.013860 
84 1.997718 0.000000 3.032481 101.712834 0.000049 -1.449631 -0.034760 
85 8.372576 0.000000 3.032481 100.228637 0.000027 -1.795409 -0.004900 
86 5.185147 0.000000 6.160466 100.531239 0.000006 -1.072504 -0.010768 
87 3.591433 0.000000 -1.659495 98.676253 -0.000295 -2.877860 0.025472 
88 1.997718 0.000000 -1.659495 97.446439 -0.000167 -2.364141 0.049860 
89 3.591433 0.000000 -3.223487 98.819552 -0.000106 -1.890585 0.023112 
90 5.185147 0.000000 -1.659495 99.435108 -0.000338 -2.653444 0.010562 
91 3.591433 0.000000 -0.095503 99.817933 -0.000036 -4.769424 0.001363 
92 78.496007 0.000000 -25.119379 99.997383 0.000006 -0.197347 0.000048 
93 78.496007 0.000000 -50.143254 99.996402 0.000007 -0.055513 0.000072 
94 103.995437 0.000000 -25.119379 99.998808 0.000016 -0.183144 0.000020 
95 78.496007 0.000000 -0.095503 99.999981 0.000863 -2.299991 -0.000529 
96 40.246863 0.000000 -12.607441 99.990050 0.000011 -0.620410 0.000160 
97 40.246863 0.000000 -25.119379 99.986209 0.000001 -0.206766 0.000272 
98 52.996578 0.000000 -12.607441 99.995401 0.000020 -0.593709 0.000057 
99 40.246863 0.000000 -0.095503 99.999860 0.000133 -2.397041 -0.000572 
100 21.122291 0.000000 -6.351472 99.964674 -0.000019 -1.097403 0.000586 
101 21.122291 0.000000 -12.607441 99.950187 0.000026 -0.524136 0.000969 
102 27.497148 0.000000 -6.351472 99.983086 -0.000017 -1.078051 0.000222 
103 21.122291 0.000000 -0.095503 99.998976 0.000136 -2.135933 -0.000436 
104 11.560005 0.000000 -3.223487 99.891504 -0.000196 -1.714080 0.001875 
105 11.560005 0.000000 -6.351472 99.842702 -0.000020 -1.155875 0.003010 
106 14.747433 0.000000 -3.223487 99.944086 -0.000208 -1.652928 0.000845 
107 11.560005 0.000000 -0.095503 99.993340 0.000166 -2.289202 -0.000391 
108 6.778862 0.000000 -1.659495 99.726946 -0.000374 -2.373982 0.004890 
109 6.778862 0.000000 -3.223487 99.591233 -0.000157 -1.908118 0.007795 
110 8.372576 0.000000 -1.659495 99.849089 -0.000403 -2.194388 0.002534 
111 6.778862 0.000000 -0.095503 99.982183 0.000235 -2.719969 -0.000384 
112 -1.189710 0.000000 3.032481 101.456627 0.000016 0.298521 -0.029354 
113 -4.377139 0.000000 3.032481 100.474549 0.000008 0.428436 -0.009532 
114 -1.189710 0.000000 6.160466 100.757647 0.000009 -0.179149 -0.015214 
115 3.591433 0.000000 1.468489 101.227318 0.000206 -2.880836 -0.025527 
116 1.997718 0.000000 1.468489 102.521188 0.000133 -2.524036 -0.051696 
117 5.185147 0.000000 1.468489 100.517245 0.000188 -2.631907 -0.011064 
118 3.591433 0.000000 3.032481 101.155364 0.000062 -1.915671 -0.023608 
119 4.388290 0.000000 -0.877499 99.371369 -0.000514 -3.349788 0.011411 
120 3.591433 0.000000 -0.877499 98.749643 -0.000563 -3.612456 0.023546 
121 4.388290 0.000000 -1.659495 99.131627 -0.000320 -2.816390 0.016499 
122 5.185147 0.000000 -0.877499 99.648811 -0.000524 -3.003221 0.006110 
123 4.388290 0.000000 -0.095503 99.989935 0.000291 -3.728370 -0.001189 
124 0.404004 0.000000 -1.659495 96.586484 -0.000059 -0.368597 0.067092 
125 -1.189710 0.000000 -1.659495 98.182843 -0.000011 1.223520 0.035863 
126 0.404004 0.000000 -3.223487 98.127073 -0.000030 -0.504259 0.037082 
127 0.404004 0.000000 -0.095503 99.798385 -0.000003 -4.768389 0.001754 
128 2.794576 0.000000 -0.877499 97.938741 -0.000444 -3.571150 0.039525 
129 1.997718 0.000000 -0.877499 96.965602 -0.000249 -3.324114 0.058662 
130 2.794576 0.000000 -1.659495 98.102537 -0.000240 -2.738396 0.036839 
131 2.794576 0.000000 -0.095503 99.810828 -0.000022 -4.769295 0.001505 
132 78.496007 0.000000 24.928373 100.002588 0.000016 -0.196194 -0.000056 
133 103.995437 0.000000 24.928373 100.001178 0.000005 -0.182094 -0.000027 
134 78.496007 0.000000 49.952249 100.003583 0.000001 -0.050781 -0.000072 
135 40.246863 0.000000 12.416435 100.009728 0.000033 -0.613752 -0.000232 
136 52.996578 0.000000 12.416435 100.004493 0.000026 -0.587165 -0.000124 
137 40.246863 0.000000 24.928373 100.013672 0.000021 -0.205667 -0.000278 
138 21.122291 0.000000 6.160466 100.033704 -0.000008 -1.077476 -0.000790 
139 27.497148 0.000000 6.160466 100.016124 -0.000006 -1.057717 -0.000434 
140 21.122291 0.000000 12.416435 100.048904 0.000010 -0.518751 -0.001005 
141 11.560005 0.000000 3.032481 100.098852 0.000005 -1.681335 -0.002261 
142 14.747433 0.000000 3.032481 100.050491 -0.000006 -1.617446 -0.001272 
143 11.560005 0.000000 6.160466 100.151550 -0.000008 -1.140065 -0.003163 
144 6.778862 0.000000 1.468489 100.242254 0.000159 -2.341046 -0.005399 
145 8.372576 0.000000 1.468489 100.129189 0.000133 -2.155781 -0.003050 
146 6.778862 0.000000 3.032481 100.387536 0.000042 -1.890138 -0.008123 
147 4.388290 0.000000 0.686493 100.556345 0.000367 -3.301311 -0.012248 
148 3.591433 0.000000 0.686493 101.096659 0.000424 -3.587770 -0.023341 
149 5.185147 0.000000 0.686493 100.300951 0.000333 -2.964165 -0.006907 
150 4.388290 0.000000 1.468489 100.801942 0.000202 -2.803521 -0.016889 
151 3.989861 0.000000 -0.486501 99.820302 -0.000041 -4.771001 0.001314 
152 3.591433 0.000000 -0.486501 99.817566 -0.000034 -4.768998 0.001371 
153 3.989861 0.000000 -0.877499 99.107021 -0.000533 -3.516770 0.016543 
154 4.388290 0.000000 -0.486501 99.618695 -0.000524 -3.619103 0.006302 
155 3.989861 0.000000 -0.095503 99.819625 -0.000039 -4.770353 0.001329 
156 0.404004 0.000000 1.468489 103.682648 0.000052 -0.418452 -0.075027 
157 -1.189710 0.000000 1.468489 101.825609 0.000017 1.397189 -0.037041 
158 0.404004 0.000000 3.032481 101.938092 0.000030 -0.507731 -0.039163 
159 2.794576 0.000000 0.686493 101.867855 0.000355 -3.668176 -0.039052 
160 1.997718 0.000000 0.686493 102.879728 0.000211 -3.581649 -0.059707 
161 2.794576 0.000000 1.468489 101.809790 0.000180 -2.824934 -0.037321 
162 3.193004 0.000000 -0.486501 99.813435 -0.000027 -4.769037 0.001453 
163 2.794576 0.000000 -0.486501 99.808415 -0.000017 -4.769080 0.001554 
164 3.193004 0.000000 -0.877499 98.355032 -0.000537 -3.620674 0.031318 
165 3.193004 0.000000 -0.095503 99.813950 -0.000028 -4.768942 0.001443 
166 3.989861 0.000000 0.295495 100.574363 0.000528 -3.827870 -0.012986 
167 3.591433 0.000000 0.295495 100.963841 0.000674 -4.004609 -0.020973 
168 4.388290 0.000000 0.295495 100.330007 0.000455 -3.551060 -0.007872 
169 3.989861 0.000000 0.686493 100.786470 0.000396 -3.465259 -0.016992 
170 3.790647 0.000000 -0.291002 99.818648 -0.000037 -4.769737 0.001349 
171 3.591433 0.000000 -0.291002 99.817933 -0.000036 -4.769424 0.001363 
172 3.790647 0.000000 -0.486501 99.818939 -0.000037 -4.769902 0.001343 
173 3.989861 0.000000 -0.291002 99.819625 -0.000039 -4.770353 0.001329 
174 3.790647 0.000000 -0.095503 99.818648 -0.000037 -4.769737 0.001349 
175 1.200861 0.000000 -0.877499 95.685332 -0.000179 -2.574283 0.083769 
176 0.404004 0.000000 -0.877499 94.493456 -0.000081 -0.347172 0.107087 
177 1.200861 0.000000 -1.659495 96.810859 -0.000106 -1.607757 0.062507 
178 1.200861 0.000000 -0.095503 99.802280 -0.000008 -4.766047 0.001679 
179 2.396147 0.000000 -0.486501 99.808400 -0.000018 -4.766898 0.001556 
180 1.997718 0.000000 -0.486501 99.808400 -0.000018 -4.766898 0.001556 
181 2.396147 0.000000 -0.877499 97.484992 -0.000335 -3.483567 0.048454 
182 2.396147 0.000000 -0.095503 99.808408 -0.000018 -4.767989 0.001555 
183 3.193004 0.000000 0.295495 101.390148 0.000691 -4.112951 -0.029688 
184 2.794576 0.000000 0.295495 101.840771 0.000539 -4.148871 -0.038876 
185 3.193004 0.000000 0.686493 101.461450 0.000414 -3.653003 -0.030777 
186 2.993790 0.000000 -0.291002 99.812501 -0.000025 -4.769280 0.001472 
187 2.794576 0.000000 -0.291002 99.810828 -0.000022 -4.769295 0.001505 
188 2.993790 0.000000 -0.486501 99.813241 -0.000027 -4.769510 0.001457 
189 3.193004 0.000000 -0.291002 99.813950 -0.000028 -4.768942 0.001443 
190 2.993790 0.000000 -0.095503 99.811480 -0.000023 -4.769230 0.001492 
191 1.200861 0.000000 0.686493 104.368028 0.000177 -3.052563 -0.090200 
192 0.404004 0.000000 0.686493 106.299184 0.000069 -0.692327 -0.130000 
193 1.200861 0.000000 1.468489 103.289643 0.000089 -1.794476 -0.067197 
194 1.599290 0.000000 0.295495 99.803598 -0.000010 -4.766080 0.001653 
195 1.200861 0.000000 0.295495 99.803599 -0.000010 -4.766056 0.001653 
196 1.599290 0.000000 -0.095503 99.803577 -0.000010 -4.766508 0.001653 
197 1.997718 0.000000 0.295495 102.965764 0.000183 -4.243660 -0.061996 
198 1.599290 0.000000 0.686493 103.537631 0.000185 -3.404284 -0.073163 
199 -74.500570 0.000000 24.928373 100.002820 0.000000 0.002913 -0.000056 
200 -100.000000 0.000000 24.928373 100.001260 0.000000 0.002133 -0.000025 
201 -74.500570 0.000000 -0.095503 99.999980 0.000000 0.004040 0.000000 
202 -74.500570 0.000000 49.952249 100.003830 0.000000 0.001570 -0.000077 
203 -36.251426 0.000000 12.416435 100.011528 0.000002 0.012643 -0.000231 
204 -49.001141 0.000000 12.416435 100.005135 0.000001 0.007906 -0.000103 
205 -36.251426 0.000000 -0.095503 99.999837 0.000001 0.015819 0.000003 
206 -36.251426 0.000000 24.928373 100.015601 0.000002 0.005232 -0.000312 
207 -17.126854 0.000000 6.160466 100.046758 0.000005 0.050983 -0.000936 
208 -23.501711 0.000000 6.160466 100.020948 0.000003 0.031507 -0.000419 
209 -17.126854 0.000000 -0.095503 99.998782 0.000004 0.068453 0.000024 
210 -17.126854 0.000000 12.416435 100.063143 0.000005 0.019995 -0.001263 
211 -7.564568 0.000000 3.032481 100.179104 0.000006 0.265107 -0.003592 
212 -10.751996 0.000000 3.032481 100.082556 0.000005 0.166649 -0.001655 
213 -7.564568 0.000000 -0.095503 99.992338 0.000006 0.339319 0.000142 
214 -7.564568 0.000000 6.160466 100.241256 0.000006 0.131826 -0.004833 
215 -2.783425 0.000000 1.468489 100.672368 0.000010 1.021755 -0.013597 
216 -4.377139 0.000000 1.468489 100.304740 0.000008 0.650509 -0.006146 
217 -2.783425 0.000000 -0.095503 99.951654 0.000005 1.346096 0.000785 
218 -2.783425 0.000000 3.032481 100.869957 0.000010 0.521022 -0.017502 
219 -0.392853 0.000000 0.686493 103.985105 0.000017 3.161555 -0.082290 
220 -1.189710 0.000000 0.686493 101.430512 0.000011 2.540131 -0.029460 
221 -0.392853 0.000000 -0.095503 98.606406 0.000005 8.006678 0.021267 
222 -0.392853 0.000000 1.468489 102.968284 0.000028 0.987002 -0.060344 
223 0.802433 0.000000 0.295495 99.800029 -0.000005 -4.767129 0.001723 
224 0.404004 0.000000 0.295495 99.798373 -0.000003 -4.768553 0.001755 
225 0.802433 0.000000 -0.095503 99.800167 -0.000005 -4.767182 0.001720 
226 0.802433 0.000000 0.686493 105.378631 0.000138 -2.287619 -0.110989 
227 -74.500570 0.000000 -25.119379 99.997149 0.000001 0.002899 0.000057 
228 -100.000000 0.000000 -25.119379 99.998725 0.000000 0.002128 0.000025 
229 -74.500570 0.000000 -50.143254 99.996155 0.000000 0.001554 0.000077 
230 -36.251426 0.000000 -12.607441 99.988228 0.000001 0.012525 0.000235 
231 -49.001141 0.000000 -12.607441 99.994747 0.000000 0.007865 0.000105 
232 -36.251426 0.000000 -25.119379 99.984281 0.000000 0.005107 0.000314 
233 -17.126854 0.000000 -6.351472 99.951459 0.000002 0.050034 0.000970 
234 -23.501711 0.000000 -6.351472 99.978148 0.000002 0.031169 0.000437 
235 -17.126854 0.000000 -12.607441 99.936033 0.000001 0.019012 0.001279 
236 -7.564568 0.000000 -3.223487 99.810411 0.000007 0.258146 0.003782 
237 -10.751996 0.000000 -3.223487 99.911444 0.000005 0.164065 0.001768 
238 -7.564568 0.000000 -6.351472 99.754604 0.000007 0.125115 0.004900 
239 -2.783425 0.000000 -1.659495 99.279355 0.000002 0.965765 0.014268 
240 -4.377139 0.000000 -1.659495 99.662904 0.000006 0.630536 0.006691 
241 -2.783425 0.000000 -3.223487 99.126312 0.000003 0.476752 0.017375 
242 -0.392853 0.000000 -0.877499 96.267890 -0.000023 2.448634 0.072650 
243 -1.189710 0.000000 -0.877499 98.402750 -0.000007 2.275625 0.031172 
244 -0.392853 0.000000 -1.659495 97.212591 -0.000028 0.807681 0.054906 
245 0.005576 0.000000 0.295495 99.797008 -0.000001 -4.768314 0.001782 
246 -0.392853 0.000000 0.295495 103.559553 -0.000001 6.139787 -0.076228 
247 0.005576 0.000000 -0.095503 99.797216 -0.000001 -4.768392 0.001778 
248 0.005576 0.000000 0.686493 105.970596 0.000026 1.776099 -0.123292 
249 0.802433 0.000000 -0.486501 93.842146 -0.000272 -2.788424 0.118588 
250 0.404004 0.000000 -0.486501 92.300164 -0.000084 -0.936060 0.147980 
251 0.802433 0.000000 -0.877499 94.959850 -0.000137 -1.737848 0.097961 
252 1.200861 0.000000 -0.486501 95.149057 -0.000345 -3.523174 0.093424 
253 0.603218 0.000000 0.099996 99.799188 -0.000004 -4.768117 0.001739 
254 0.404004 0.000000 0.099996 99.798385 -0.000003 -4.768389 0.001754 
255 0.603218 0.000000 -0.095503 99.799188 -0.000004 -4.768117 0.001739 
256 0.802433 0.000000 0.099996 99.799748 -0.000005 -4.767467 0.001728 
257 0.603218 0.000000 0.295495 99.798906 -0.000003 -4.768481 0.001744 
258 0.005576 0.000000 -0.486501 92.526780 0.000002 2.963895 0.143001 
259 -0.392853 0.000000 -0.486501 96.034097 -0.000007 4.558939 0.075667 
260 0.005576 0.000000 -0.877499 94.916493 -0.000041 1.385920 0.098894 
261 0.204790 0.000000 0.099996 99.797603 -0.000002 -4.768429 0.001770 
262 0.005576 0.000000 0.099996 99.797216 -0.000001 -4.768392 0.001778 
263 0.204790 0.000000 -0.095503 99.797636 -0.000002 -4.768471 0.001769 
264 0.204790 0.000000 0.295495 99.797352 -0.000001 -4.768201 0.001775 
265 -1.986567 0.000000 0.686493 100.666944 0.000009 1.757602 -0.013692 
266 -2.783425 0.000000 0.686493 100.371895 0.000008 1.261085 -0.007611 
267 -1.986567 0.000000 -0.095503 99.912213 0.000004 1.958432 0.001371 
268 -1.986567 0.000000 1.468489 101.080979 0.000012 1.260634 -0.021895 
269 -0.791282 0.000000 0.295495 101.417266 0.000007 4.234808 -0.030340 
270 -1.189710 0.000000 0.295495 100.750390 0.000007 3.078366 -0.016012 
271 -0.791282 0.000000 -0.095503 99.567510 0.000000 4.640381 0.006478 
272 -0.791282 0.000000 0.686493 102.332173 0.000014 3.035100 -0.048109 
273 -0.193639 0.000000 0.099996 99.796828 -0.000001 -4.768532 0.001785 
274 -0.392853 0.000000 0.099996 101.669964 -0.000002 7.927880 -0.039963 
275 -0.193639 0.000000 -0.095503 99.796828 -0.000001 -4.768532 0.001785 
276 -0.193639 0.000000 0.295495 106.460813 -0.000028 6.764593 -0.137966 
277 0.204790 0.000000 -0.291002 99.797352 -0.000001 -4.768201 0.001775 
278 0.005576 0.000000 -0.291002 99.797008 -0.000001 -4.768314 0.001782 
279 0.204790 0.000000 -0.486501 91.889364 -0.000020 0.839527 0.155564 
280 0.404004 0.000000 -0.291002 99.798373 -0.000003 -4.768553 0.001755 
281 0.105183 0.000000 0.002247 99.797267 -0.000001 -4.768221 0.001777 
282 0.005576 0.000000 0.002247 99.797093 -0.000001 -4.768294 0.001780 
283 0.105183 0.000000 -0.095503 99.797267 -0.000001 -4.768221 0.001777 
284 0.204790 0.000000 0.002247 99.797636 -0.000002 -4.768471 0.001769 
285 0.105183 0.000000 0.099996 99.797216 -0.000001 -4.768392 0.001778 
286 5.982004 0.000000 -0.877499 99.773954 -0.000547 -2.760696 0.003754 
287 5.982004 0.000000 -1.659495 99.615795 -0.000357 -2.499166 0.007045 
288 6.778862 0.000000 -0.877499 99.842764 -0.000569 -2.595480 0.002469 
289 5.982004 0.000000 -0.095503 99.978730 0.000252 -2.907729 -0.000420 
290 4.786719 0.000000 -0.486501 99.737406 -0.000519 -3.349159 0.004123 
291 4.786719 0.000000 -0.877499 99.539947 -0.000515 -3.166022 0.008178 
292 5.185147 0.000000 -0.486501 99.802336 -0.000525 -3.147073 0.002959 
293 4.786719 0.000000 -0.095503 99.977364 0.000280 -3.414737 -0.000713 
294 4.189076 0.000000 -0.291002 99.820302 -0.000041 -4.771001 0.001314 
295 4.189076 0.000000 -0.486501 99.507841 -0.000545 -3.793833 0.008380 
296 4.388290 0.000000 -0.291002 99.793419 -0.000379 -3.714467 0.002748 
297 4.189076 0.000000 -0.095503 99.820302 -0.000041 -4.771001 0.001314 
298 3.790647 0.000000 0.099996 99.818939 -0.000037 -4.769902 0.001343 
299 3.591433 0.000000 0.099996 99.816530 -0.000033 -4.768829 0.001392 
300 3.989861 0.000000 0.099996 99.819625 -0.000039 -4.770353 0.001329 
301 3.790647 0.000000 0.295495 100.758334 0.000598 -3.932935 -0.016771 
302 3.890254 0.000000 -0.193253 99.819484 -0.000039 -4.770341 0.001331 
303 3.790647 0.000000 -0.193253 99.818943 -0.000037 -4.769823 0.001343 
304 3.890254 0.000000 -0.291002 99.819235 -0.000038 -4.769968 0.001337 
305 3.989861 0.000000 -0.193253 99.819325 -0.000038 -4.770385 0.001335 
306 3.890254 0.000000 -0.095503 99.819235 -0.000038 -4.769968 0.001337 
307 5.982004 0.000000 0.686493 100.185571 0.000311 -2.721585 -0.004456 
308 6.778862 0.000000 0.686493 100.122420 0.000292 -2.547436 -0.003099 
309 5.982004 0.000000 1.468489 100.346676 0.000174 -2.470388 -0.007556 
310 4.786719 0.000000 0.295495 100.212432 0.000428 -3.300957 -0.005343 
311 5.185147 0.000000 0.295495 100.148881 0.000412 -3.102501 -0.003942 
312 4.786719 0.000000 0.686493 100.402705 0.000347 -3.124364 -0.009046 
313 2.396147 0.000000 0.295495 102.319303 0.000341 -4.205500 -0.048693 
314 2.396147 0.000000 0.686493 102.330785 0.000276 -3.655470 -0.048495 
315 3.392219 0.000000 -0.291002 99.815496 -0.000031 -4.768802 0.001413 
316 3.392219 0.000000 -0.486501 99.815493 -0.000031 -4.768659 0.001413 
317 3.392219 0.000000 -0.095503 99.815496 -0.000031 -4.768802 0.001413 
318 4.189076 0.000000 0.099996 100.258177 0.000462 -3.852612 -0.006654 
319 4.388290 0.000000 0.099996 100.175166 0.000435 -3.659494 -0.004846 
320 4.189076 0.000000 0.295495 100.431101 0.000481 -3.700626 -0.010010 
321 1.599290 0.000000 -0.486501 99.803598 -0.000010 -4.766080 0.001653 
322 1.599290 0.000000 -0.877499 96.374460 -0.000204 -3.042597 0.070271 
323 3.392219 0.000000 0.099996 99.814186 -0.000028 -4.768753 0.001439 
324 3.193004 0.000000 0.099996 99.813338 -0.000027 -4.769273 0.001455 
325 3.392219 0.000000 0.295495 101.176008 0.000714 -4.065071 -0.025311 
326 -1.986567 0.000000 -0.877499 99.210124 -0.000000 1.665760 0.015458 
327 -2.783425 0.000000 -0.877499 99.543826 0.000003 1.234263 0.008950 
328 -1.986567 0.000000 -1.659495 98.873175 -0.000003 1.159647 0.022275 
329 -0.791282 0.000000 -0.486501 98.073203 -0.000007 3.724166 0.036778 
330 -1.189710 0.000000 -0.486501 98.914993 -0.000003 2.874281 0.020756 
331 -0.791282 0.000000 -0.877499 97.562419 -0.000014 2.561156 0.047501 
332 0.603218 0.000000 -0.291002 99.799637 -0.000004 -4.767948 0.001730 
333 0.603218 0.000000 -0.486501 93.068602 -0.000175 -2.077129 0.133392 
334 0.802433 0.000000 -0.291002 99.800056 -0.000005 -4.766577 0.001723 
335 -0.193639 0.000000 -0.291002 93.710776 0.000032 7.072750 0.116827 
336 -0.392853 0.000000 -0.291002 96.617273 0.000003 6.298789 0.062543 
337 -0.193639 0.000000 -0.486501 94.259347 -0.000002 4.339236 0.109635 
338 2.993790 0.000000 0.099996 99.812501 -0.000025 -4.769280 0.001472 
339 2.794576 0.000000 0.099996 99.810828 -0.000022 -4.769295 0.001505 
340 2.993790 0.000000 0.295495 101.612967 0.000623 -4.136758 -0.034231 
1 7 12 10 11 
2 12 2 13 10 
3 1 17 15 16 
4 17 7 11 15 
5 19 21 3 22 
6 20 19 22 9 
7 11 25 23 24 
8 25 10 26 23 
9 28 20 9 30 
10 29 28 30 4 
11 15 33 31 32 
12 33 11 24 31 
13 35 37 19 38 
14 36 35 38 20 
15 24 41 39 40 
16 41 23 42 39 
17 44 36 20 46 
18 45 44 46 28 
19 31 49 47 48 
20 49 24 40 47 
21 51 53 35 54 
22 52 51 54 36 
23 40 57 55 56 
24 57 39 58 55 
25 60 52 36 62 
26 61 60 62 44 
27 47 65 63 64 
28 65 40 56 63 
29 67 69 51 70 
30 68 67 70 52 
31 56 73 71 72 
32 73 55 74 71 
33 76 68 52 78 
34 77 76 78 60 
35 63 81 79 80 
36 81 56 72 79 
37 83 85 67 86 
38 84 83 86 68 
39 72 89 87 88 
40 89 71 90 87 
41 10 93 92 26 
42 93 13 94 92 
43 92 94 8 95 
44 26 92 95 14 
45 23 97 96 42 
46 97 26 98 96 
47 96 98 14 99 
48 42 96 99 27 
49 39 101 100 58 
50 101 42 102 100 
51 100 102 27 103 
52 58 100 103 43 
53 55 105 104 74 
54 105 58 106 104 
55 104 106 43 107 
56 74 104 107 59 
57 71 109 108 90 
58 109 74 110 108 
59 108 110 59 111 
60 112 84 68 114 
61 113 112 114 76 
62 115 117 83 118 
63 116 115 118 84 
64 87 121 119 120 
65 121 90 122 119 
66 79 126 124 125 
67 126 72 88 124 
68 88 130 128 129 
69 130 87 120 128 
70 14 95 132 37 
71 95 8 133 132 
72 132 133 21 134 
73 37 132 134 19 
74 27 99 135 53 
75 99 14 136 135 
76 135 136 37 137 
77 53 135 137 35 
78 43 103 138 69 
79 103 27 139 138 
80 138 139 53 140 
81 69 138 140 51 
82 59 107 141 85 
83 107 43 142 141 
84 141 142 69 143 
85 85 141 143 67 
86 111 59 145 144 
87 144 145 85 146 
88 117 144 146 83 
89 147 149 117 150 
90 148 147 150 115 
91 120 153 151 152 
92 153 119 154 151 
93 156 116 84 158 
94 157 156 158 112 
95 159 148 115 161 
96 160 159 161 116 
97 128 164 162 163 
98 164 120 152 162 
99 166 168 147 169 
100 167 166 169 148 
101 152 172 170 171 
102 172 151 173 170 
103 171 170 174 91 
104 124 177 175 176 
105 177 88 129 175 
106 129 181 179 180 
107 181 128 163 179 
108 179 163 131 182 
109 180 179 182 5 
110 183 167 148 185 
111 184 183 185 159 
112 163 188 186 187 
113 188 162 189 186 
114 186 189 165 190 
115 187 186 190 131 
116 191 160 116 193 
117 192 191 193 156 
118 178 196 194 195 
119 196 5 197 194 
120 194 197 160 198 
121 195 194 198 191 
122 6 201 199 200 
123 201 18 45 199 
124 199 45 28 202 
125 200 199 202 29 
126 18 205 203 204 
127 205 34 61 203 
128 203 61 44 206 
129 204 203 206 45 
130 34 209 207 208 
131 209 50 77 207 
132 207 77 60 210 
133 208 207 210 61 
134 50 213 211 212 
135 213 66 113 211 
136 211 113 76 214 
137 212 211 214 77 
138 66 217 215 216 
139 215 157 112 218 
140 216 215 218 113 
141 219 192 156 222 
142 220 219 222 157 
143 225 178 195 223 
144 223 195 191 226 
145 224 223 226 192 
146 16 229 227 228 
147 229 15 32 227 
148 227 32 18 201 
149 228 227 201 6 
150 32 232 230 231 
151 232 31 48 230 
152 230 48 34 205 
153 231 230 205 18 
154 48 235 233 234 
155 235 47 64 233 
156 233 64 50 209 
157 234 233 209 34 
158 64 238 236 237 
159 238 63 80 236 
160 236 80 66 213 
161 237 236 213 50 
162 80 241 239 240 
163 241 79 125 239 
164 240 239 217 66 
165 125 244 242 243 
166 244 124 176 242 
167 245 224 192 248 
168 246 245 248 219 
169 176 251 249 250 
170 251 175 252 249 
171 249 252 178 225 
172 127 255 253 254 
173 255 225 256 253 
174 253 256 223 257 
175 254 253 257 224 
176 242 260 258 259 
177 260 176 250 258 
178 263 127 254 261 
179 261 254 224 264 
180 262 261 264 245 
181 217 267 265 266 
182 267 82 220 265 
183 265 220 157 268 
184 266 265 268 215 
185 82 271 269 270 
186 271 221 246 269 
187 269 246 219 272 
188 270 269 272 220 
189 221 275 273 274 
190 275 247 262 273 
191 273 262 245 276 
192 274 273 276 246 
193 258 279 277 278 
194 279 250 280 277 
195 277 280 127 263 
196 278 277 263 247 
197 247 283 281 282 
198 283 263 284 281 
199 281 284 261 285 
200 282 281 285 262 
201 90 287 286 122 
202 287 108 288 286 
203 286 288 111 289 
204 122 286 289 75 
205 119 291 290 154 
206 291 122 292 290 
207 290 292 75 293 
208 154 290 293 123 
209 151 295 294 173 
210 295 154 296 294 
211 294 296 123 297 
212 173 294 297 155 
213 91 174 298 299 
214 174 155 300 298 
215 298 300 166 301 
216 299 298 301 167 
217 170 304 302 303 
218 304 173 305 302 
219 302 305 155 306 
220 303 302 306 174 
221 75 289 307 149 
222 289 111 308 307 
223 307 308 144 309 
224 149 307 309 117 
225 123 293 310 168 
226 293 75 311 310 
227 310 311 149 312 
228 168 310 312 147 
229 5 182 313 197 
230 182 131 184 313 
231 313 184 159 314 
232 197 313 314 160 
233 162 316 315 189 
234 316 152 171 315 
235 315 171 91 317 
236 189 315 317 165 
237 155 297 318 300 
238 297 123 319 318 
239 318 319 168 320 
240 300 318 320 166 
241 175 322 321 252 
242 322 129 180 321 
243 321 180 5 196 
244 252 321 196 178 
245 165 317 323 324 
246 317 91 299 323 
247 323 299 167 325 
248 324 323 325 183 
249 239 328 326 327 
250 328 125 243 326 
251 326 243 82 267 
252 327 326 267 217 
253 243 331 329 330 
254 331 242 259 329 
255 329 259 221 271 
256 330 329 271 82 
257 250 333 332 280 
258 333 249 334 332 
259 332 334 225 255 
260 280 332 255 127 
261 259 337 335 336 
262 337 258 278 335 
263 335 278 247 275 
264 336 335 275 221 
265 131 190 338 339 
266 190 165 324 338 
267 338 324 183 340 
268 339 338 340 184 
