$TITLE    Created by panin, version 1.0 (4Jan2000) on                
INPUT FILE FOR PanAir (A502-ht2)                                                
Created by PANIN                                                                
$DATACHECK
    0.0000
$SYM
    0.0000    0.0000
$MACH NUMBER
    0.0000
$CASES
    1.0000
$ANGLES OF ATTACK
    0.0000
    0.0000
$YAW ANGLES
    0.0000
    0.0000
$REFERENCE DATA FOR 3-D FORCES AND MOMENTS
    0.0000    0.0000    0.0000    1.0000
    6.0000    6.0000    1.0000    6.0000
$PRINTOUT CONTROL
       0.0       1.0       0.0       0.0       0.0       0.0
       0.0       0.0       0.0       0.0       0.0       0.0
$EAT
  0.001000       0.0       0.0       0.0       0.0       0.0
$VELOCITY CORRECTION
    0.0000
$POINTS for network #  1   wing1                                             
       1.0
       1.0                                     0.0       0.0
      40.0       5.0                                                  wing1     
    0.0000    0.0000    0.0000    0.0012    0.0000   -0.0061
    0.0049    0.0000   -0.0120    0.0108    0.0000   -0.0177
    0.0190    0.0000   -0.0231    0.0295    0.0000   -0.0282
    0.0420    0.0000   -0.0330    0.0567    0.0000   -0.0375
    0.0733    0.0000   -0.0416    0.0918    0.0000   -0.0454
    0.1122    0.0000   -0.0488    0.1343    0.0000   -0.0517
    0.1581    0.0000   -0.0542    0.1835    0.0000   -0.0563
    0.2104    0.0000   -0.0579    0.2387    0.0000   -0.0591
    0.2684    0.0000   -0.0598    0.2993    0.0000   -0.0600
    0.3313    0.0000   -0.0598    0.3644    0.0000   -0.0591
    0.3984    0.0000   -0.0581    0.4332    0.0000   -0.0566
    0.4687    0.0000   -0.0548    0.5048    0.0000   -0.0526
    0.5413    0.0000   -0.0502    0.5781    0.0000   -0.0474
    0.6151    0.0000   -0.0444    0.6521    0.0000   -0.0411
    0.6889    0.0000   -0.0377    0.7253    0.0000   -0.0341
    0.7612    0.0000   -0.0304    0.7963    0.0000   -0.0266
    0.8304    0.0000   -0.0228    0.8631    0.0000   -0.0190
    0.8941    0.0000   -0.0152    0.9229    0.0000   -0.0116
    0.9491    0.0000   -0.0082    0.9719    0.0000   -0.0051
    0.9899    0.0000   -0.0027    1.0000    0.0000    0.0000
    0.0000    0.7500    0.0000    0.0012    0.7500   -0.0061
    0.0049    0.7500   -0.0120    0.0108    0.7500   -0.0177
    0.0190    0.7500   -0.0231    0.0295    0.7500   -0.0282
    0.0420    0.7500   -0.0330    0.0567    0.7500   -0.0375
    0.0733    0.7500   -0.0416    0.0918    0.7500   -0.0454
    0.1122    0.7500   -0.0488    0.1343    0.7500   -0.0517
    0.1581    0.7500   -0.0542    0.1835    0.7500   -0.0563
    0.2104    0.7500   -0.0579    0.2387    0.7500   -0.0591
    0.2684    0.7500   -0.0598    0.2993    0.7500   -0.0600
    0.3313    0.7500   -0.0598    0.3644    0.7500   -0.0591
    0.3984    0.7500   -0.0581    0.4332    0.7500   -0.0566
    0.4687    0.7500   -0.0548    0.5048    0.7500   -0.0526
    0.5413    0.7500   -0.0502    0.5781    0.7500   -0.0474
    0.6151    0.7500   -0.0444    0.6521    0.7500   -0.0411
    0.6889    0.7500   -0.0377    0.7253    0.7500   -0.0341
    0.7612    0.7500   -0.0304    0.7963    0.7500   -0.0266
    0.8304    0.7500   -0.0228    0.8631    0.7500   -0.0190
    0.8941    0.7500   -0.0152    0.9229    0.7500   -0.0116
    0.9491    0.7500   -0.0082    0.9719    0.7500   -0.0051
    0.9899    0.7500   -0.0027    1.0000    0.7500    0.0000
    0.0000    1.5000    0.0000    0.0012    1.5000   -0.0061
    0.0049    1.5000   -0.0120    0.0108    1.5000   -0.0177
    0.0190    1.5000   -0.0231    0.0295    1.5000   -0.0282
    0.0420    1.5000   -0.0330    0.0567    1.5000   -0.0375
    0.0733    1.5000   -0.0416    0.0918    1.5000   -0.0454
    0.1122    1.5000   -0.0488    0.1343    1.5000   -0.0517
    0.1581    1.5000   -0.0542    0.1835    1.5000   -0.0563
    0.2104    1.5000   -0.0579    0.2387    1.5000   -0.0591
    0.2684    1.5000   -0.0598    0.2993    1.5000   -0.0600
    0.3313    1.5000   -0.0598    0.3644    1.5000   -0.0591
    0.3984    1.5000   -0.0581    0.4332    1.5000   -0.0566
    0.4687    1.5000   -0.0548    0.5048    1.5000   -0.0526
    0.5413    1.5000   -0.0502    0.5781    1.5000   -0.0474
    0.6151    1.5000   -0.0444    0.6521    1.5000   -0.0411
    0.6889    1.5000   -0.0377    0.7253    1.5000   -0.0341
    0.7612    1.5000   -0.0304    0.7963    1.5000   -0.0266
    0.8304    1.5000   -0.0228    0.8631    1.5000   -0.0190
    0.8941    1.5000   -0.0152    0.9229    1.5000   -0.0116
    0.9491    1.5000   -0.0082    0.9719    1.5000   -0.0051
    0.9899    1.5000   -0.0027    1.0000    1.5000    0.0000
    0.0000    2.2500    0.0000    0.0012    2.2500   -0.0061
    0.0049    2.2500   -0.0120    0.0108    2.2500   -0.0177
    0.0190    2.2500   -0.0231    0.0295    2.2500   -0.0282
    0.0420    2.2500   -0.0330    0.0567    2.2500   -0.0375
    0.0733    2.2500   -0.0416    0.0918    2.2500   -0.0454
    0.1122    2.2500   -0.0488    0.1343    2.2500   -0.0517
    0.1581    2.2500   -0.0542    0.1835    2.2500   -0.0563
    0.2104    2.2500   -0.0579    0.2387    2.2500   -0.0591
    0.2684    2.2500   -0.0598    0.2993    2.2500   -0.0600
    0.3313    2.2500   -0.0598    0.3644    2.2500   -0.0591
    0.3984    2.2500   -0.0581    0.4332    2.2500   -0.0566
    0.4687    2.2500   -0.0548    0.5048    2.2500   -0.0526
    0.5413    2.2500   -0.0502    0.5781    2.2500   -0.0474
    0.6151    2.2500   -0.0444    0.6521    2.2500   -0.0411
    0.6889    2.2500   -0.0377    0.7253    2.2500   -0.0341
    0.7612    2.2500   -0.0304    0.7963    2.2500   -0.0266
    0.8304    2.2500   -0.0228    0.8631    2.2500   -0.0190
    0.8941    2.2500   -0.0152    0.9229    2.2500   -0.0116
    0.9491    2.2500   -0.0082    0.9719    2.2500   -0.0051
    0.9899    2.2500   -0.0027    1.0000    2.2500    0.0000
    0.0000    3.0000    0.0000    0.0012    3.0000   -0.0061
    0.0049    3.0000   -0.0120    0.0108    3.0000   -0.0177
    0.0190    3.0000   -0.0231    0.0295    3.0000   -0.0282
    0.0420    3.0000   -0.0330    0.0567    3.0000   -0.0375
    0.0733    3.0000   -0.0416    0.0918    3.0000   -0.0454
    0.1122    3.0000   -0.0488    0.1343    3.0000   -0.0517
    0.1581    3.0000   -0.0542    0.1835    3.0000   -0.0563
    0.2104    3.0000   -0.0579    0.2387    3.0000   -0.0591
    0.2684    3.0000   -0.0598    0.2993    3.0000   -0.0600
    0.3313    3.0000   -0.0598    0.3644    3.0000   -0.0591
    0.3984    3.0000   -0.0581    0.4332    3.0000   -0.0566
    0.4687    3.0000   -0.0548    0.5048    3.0000   -0.0526
    0.5413    3.0000   -0.0502    0.5781    3.0000   -0.0474
    0.6151    3.0000   -0.0444    0.6521    3.0000   -0.0411
    0.6889    3.0000   -0.0377    0.7253    3.0000   -0.0341
    0.7612    3.0000   -0.0304    0.7963    3.0000   -0.0266
    0.8304    3.0000   -0.0228    0.8631    3.0000   -0.0190
    0.8941    3.0000   -0.0152    0.9229    3.0000   -0.0116
    0.9491    3.0000   -0.0082    0.9719    3.0000   -0.0051
    0.9899    3.0000   -0.0027    1.0000    3.0000    0.0000
$POINTS for network #  2   wing2                                             
       1.0
       1.0                                     0.0       0.0
      40.0       5.0                                                  wing2     
    1.0000    3.0000    0.0000    0.9899    3.0000    0.0027
    0.9719    3.0000    0.0051    0.9491    3.0000    0.0082
    0.9229    3.0000    0.0116    0.8941    3.0000    0.0152
    0.8631    3.0000    0.0190    0.8304    3.0000    0.0228
    0.7963    3.0000    0.0266    0.7612    3.0000    0.0304
    0.7253    3.0000    0.0341    0.6889    3.0000    0.0377
    0.6521    3.0000    0.0411    0.6151    3.0000    0.0444
    0.5781    3.0000    0.0474    0.5413    3.0000    0.0502
    0.5048    3.0000    0.0526    0.4687    3.0000    0.0548
    0.4332    3.0000    0.0566    0.3984    3.0000    0.0581
    0.3644    3.0000    0.0591    0.3313    3.0000    0.0598
    0.2993    3.0000    0.0600    0.2684    3.0000    0.0598
    0.2387    3.0000    0.0591    0.2104    3.0000    0.0579
    0.1835    3.0000    0.0563    0.1581    3.0000    0.0542
    0.1343    3.0000    0.0517    0.1122    3.0000    0.0488
    0.0918    3.0000    0.0454    0.0733    3.0000    0.0416
    0.0567    3.0000    0.0375    0.0420    3.0000    0.0330
    0.0295    3.0000    0.0282    0.0190    3.0000    0.0231
    0.0108    3.0000    0.0177    0.0049    3.0000    0.0120
    0.0012    3.0000    0.0061    0.0000    3.0000    0.0000
    1.0000    2.2500    0.0000    0.9899    2.2500    0.0027
    0.9719    2.2500    0.0051    0.9491    2.2500    0.0082
    0.9229    2.2500    0.0116    0.8941    2.2500    0.0152
    0.8631    2.2500    0.0190    0.8304    2.2500    0.0228
    0.7963    2.2500    0.0266    0.7612    2.2500    0.0304
    0.7253    2.2500    0.0341    0.6889    2.2500    0.0377
    0.6521    2.2500    0.0411    0.6151    2.2500    0.0444
    0.5781    2.2500    0.0474    0.5413    2.2500    0.0502
    0.5048    2.2500    0.0526    0.4687    2.2500    0.0548
    0.4332    2.2500    0.0566    0.3984    2.2500    0.0581
    0.3644    2.2500    0.0591    0.3313    2.2500    0.0598
    0.2993    2.2500    0.0600    0.2684    2.2500    0.0598
    0.2387    2.2500    0.0591    0.2104    2.2500    0.0579
    0.1835    2.2500    0.0563    0.1581    2.2500    0.0542
    0.1343    2.2500    0.0517    0.1122    2.2500    0.0488
    0.0918    2.2500    0.0454    0.0733    2.2500    0.0416
    0.0567    2.2500    0.0375    0.0420    2.2500    0.0330
    0.0295    2.2500    0.0282    0.0190    2.2500    0.0231
    0.0108    2.2500    0.0177    0.0049    2.2500    0.0120
    0.0012    2.2500    0.0061    0.0000    2.2500    0.0000
    1.0000    1.5000    0.0000    0.9899    1.5000    0.0027
    0.9719    1.5000    0.0051    0.9491    1.5000    0.0082
    0.9229    1.5000    0.0116    0.8941    1.5000    0.0152
    0.8631    1.5000    0.0190    0.8304    1.5000    0.0228
    0.7963    1.5000    0.0266    0.7612    1.5000    0.0304
    0.7253    1.5000    0.0341    0.6889    1.5000    0.0377
    0.6521    1.5000    0.0411    0.6151    1.5000    0.0444
    0.5781    1.5000    0.0474    0.5413    1.5000    0.0502
    0.5048    1.5000    0.0526    0.4687    1.5000    0.0548
    0.4332    1.5000    0.0566    0.3984    1.5000    0.0581
    0.3644    1.5000    0.0591    0.3313    1.5000    0.0598
    0.2993    1.5000    0.0600    0.2684    1.5000    0.0598
    0.2387    1.5000    0.0591    0.2104    1.5000    0.0579
    0.1835    1.5000    0.0563    0.1581    1.5000    0.0542
    0.1343    1.5000    0.0517    0.1122    1.5000    0.0488
    0.0918    1.5000    0.0454    0.0733    1.5000    0.0416
    0.0567    1.5000    0.0375    0.0420    1.5000    0.0330
    0.0295    1.5000    0.0282    0.0190    1.5000    0.0231
    0.0108    1.5000    0.0177    0.0049    1.5000    0.0120
    0.0012    1.5000    0.0061    0.0000    1.5000    0.0000
    1.0000    0.7500    0.0000    0.9899    0.7500    0.0027
    0.9719    0.7500    0.0051    0.9491    0.7500    0.0082
    0.9229    0.7500    0.0116    0.8941    0.7500    0.0152
    0.8631    0.7500    0.0190    0.8304    0.7500    0.0228
    0.7963    0.7500    0.0266    0.7612    0.7500    0.0304
    0.7253    0.7500    0.0341    0.6889    0.7500    0.0377
    0.6521    0.7500    0.0411    0.6151    0.7500    0.0444
    0.5781    0.7500    0.0474    0.5413    0.7500    0.0502
    0.5048    0.7500    0.0526    0.4687    0.7500    0.0548
    0.4332    0.7500    0.0566    0.3984    0.7500    0.0581
    0.3644    0.7500    0.0591    0.3313    0.7500    0.0598
    0.2993    0.7500    0.0600    0.2684    0.7500    0.0598
    0.2387    0.7500    0.0591    0.2104    0.7500    0.0579
    0.1835    0.7500    0.0563    0.1581    0.7500    0.0542
    0.1343    0.7500    0.0517    0.1122    0.7500    0.0488
    0.0918    0.7500    0.0454    0.0733    0.7500    0.0416
    0.0567    0.7500    0.0375    0.0420    0.7500    0.0330
    0.0295    0.7500    0.0282    0.0190    0.7500    0.0231
    0.0108    0.7500    0.0177    0.0049    0.7500    0.0120
    0.0012    0.7500    0.0061    0.0000    0.7500    0.0000
    1.0000    0.0000    0.0000    0.9899    0.0000    0.0027
    0.9719    0.0000    0.0051    0.9491    0.0000    0.0082
    0.9229    0.0000    0.0116    0.8941    0.0000    0.0152
    0.8631    0.0000    0.0190    0.8304    0.0000    0.0228
    0.7963    0.0000    0.0266    0.7612    0.0000    0.0304
    0.7253    0.0000    0.0341    0.6889    0.0000    0.0377
    0.6521    0.0000    0.0411    0.6151    0.0000    0.0444
    0.5781    0.0000    0.0474    0.5413    0.0000    0.0502
    0.5048    0.0000    0.0526    0.4687    0.0000    0.0548
    0.4332    0.0000    0.0566    0.3984    0.0000    0.0581
    0.3644    0.0000    0.0591    0.3313    0.0000    0.0598
    0.2993    0.0000    0.0600    0.2684    0.0000    0.0598
    0.2387    0.0000    0.0591    0.2104    0.0000    0.0579
    0.1835    0.0000    0.0563    0.1581    0.0000    0.0542
    0.1343    0.0000    0.0517    0.1122    0.0000    0.0488
    0.0918    0.0000    0.0454    0.0733    0.0000    0.0416
    0.0567    0.0000    0.0375    0.0420    0.0000    0.0330
    0.0295    0.0000    0.0282    0.0190    0.0000    0.0231
    0.0108    0.0000    0.0177    0.0049    0.0000    0.0120
    0.0012    0.0000    0.0061    0.0000    0.0000    0.0000
$POINTS for network #  3   wingwall                                          
       1.0
       1.0                                     0.0       0.0
      40.0       2.0                                                  wingwall  
    0.0000    3.0000    0.0000    0.0012    3.0000   -0.0061
    0.0049    3.0000   -0.0120    0.0108    3.0000   -0.0177
    0.0190    3.0000   -0.0231    0.0295    3.0000   -0.0282
    0.0420    3.0000   -0.0330    0.0567    3.0000   -0.0375
    0.0733    3.0000   -0.0416    0.0918    3.0000   -0.0454
    0.1122    3.0000   -0.0488    0.1343    3.0000   -0.0517
    0.1581    3.0000   -0.0542    0.1835    3.0000   -0.0563
    0.2104    3.0000   -0.0579    0.2387    3.0000   -0.0591
    0.2684    3.0000   -0.0598    0.2993    3.0000   -0.0600
    0.3313    3.0000   -0.0598    0.3644    3.0000   -0.0591
    0.3984    3.0000   -0.0581    0.4332    3.0000   -0.0566
    0.4687    3.0000   -0.0548    0.5048    3.0000   -0.0526
    0.5413    3.0000   -0.0502    0.5781    3.0000   -0.0474
    0.6151    3.0000   -0.0444    0.6521    3.0000   -0.0411
    0.6889    3.0000   -0.0377    0.7253    3.0000   -0.0341
    0.7612    3.0000   -0.0304    0.7963    3.0000   -0.0266
    0.8304    3.0000   -0.0228    0.8631    3.0000   -0.0190
    0.8941    3.0000   -0.0152    0.9229    3.0000   -0.0116
    0.9491    3.0000   -0.0082    0.9719    3.0000   -0.0051
    0.9899    3.0000   -0.0027    1.0000    3.0000    0.0000
    0.0000    3.0000    0.0000    0.0012    3.0000    0.0061
    0.0049    3.0000    0.0120    0.0108    3.0000    0.0177
    0.0190    3.0000    0.0231    0.0295    3.0000    0.0282
    0.0420    3.0000    0.0330    0.0567    3.0000    0.0375
    0.0733    3.0000    0.0416    0.0918    3.0000    0.0454
    0.1122    3.0000    0.0488    0.1343    3.0000    0.0517
    0.1581    3.0000    0.0542    0.1835    3.0000    0.0563
    0.2104    3.0000    0.0579    0.2387    3.0000    0.0591
    0.2684    3.0000    0.0598    0.2993    3.0000    0.0600
    0.3313    3.0000    0.0598    0.3644    3.0000    0.0591
    0.3984    3.0000    0.0581    0.4332    3.0000    0.0566
    0.4687    3.0000    0.0548    0.5048    3.0000    0.0526
    0.5413    3.0000    0.0502    0.5781    3.0000    0.0474
    0.6151    3.0000    0.0444    0.6521    3.0000    0.0411
    0.6889    3.0000    0.0377    0.7253    3.0000    0.0341
    0.7612    3.0000    0.0304    0.7963    3.0000    0.0266
    0.8304    3.0000    0.0228    0.8631    3.0000    0.0190
    0.8941    3.0000    0.0152    0.9229    3.0000    0.0116
    0.9491    3.0000    0.0082    0.9719    3.0000    0.0051
    0.9899    3.0000    0.0027    1.0000    3.0000    0.0000
$POINTS for network #  4   wing_wake                                         
       1.0
      18.0                                     0.0       0.0
       2.0       5.0                                                  wing_wake 
  101.0000    0.0000    0.0000    1.0000    0.0000    0.0000
  101.0000    0.7500    0.0000    1.0000    0.7500    0.0000
  101.0000    1.5000    0.0000    1.0000    1.5000    0.0000
  101.0000    2.2500    0.0000    1.0000    2.2500    0.0000
  101.0000    3.0000    0.0000    1.0000    3.0000    0.0000
$POINTS for network #  5   wingwall                                          
       1.0
       1.0                                     0.0       0.0
      40.0       2.0                                                  wingwall  
    0.0000    0.0000    0.0000    0.0012    0.0000   -0.0061
    0.0049    0.0000   -0.0120    0.0108    0.0000   -0.0177
    0.0190    0.0000   -0.0231    0.0295    0.0000   -0.0282
    0.0420    0.0000   -0.0330    0.0567    0.0000   -0.0375
    0.0733    0.0000   -0.0416    0.0918    0.0000   -0.0454
    0.1122    0.0000   -0.0488    0.1343    0.0000   -0.0517
    0.1581    0.0000   -0.0542    0.1835    0.0000   -0.0563
    0.2104    0.0000   -0.0579    0.2387    0.0000   -0.0591
    0.2684    0.0000   -0.0598    0.2993    0.0000   -0.0600
    0.3313    0.0000   -0.0598    0.3644    0.0000   -0.0591
    0.3984    0.0000   -0.0581    0.4332    0.0000   -0.0566
    0.4687    0.0000   -0.0548    0.5048    0.0000   -0.0526
    0.5413    0.0000   -0.0502    0.5781    0.0000   -0.0474
    0.6151    0.0000   -0.0444    0.6521    0.0000   -0.0411
    0.6889    0.0000   -0.0377    0.7253    0.0000   -0.0341
    0.7612    0.0000   -0.0304    0.7963    0.0000   -0.0266
    0.8304    0.0000   -0.0228    0.8631    0.0000   -0.0190
    0.8941    0.0000   -0.0152    0.9229    0.0000   -0.0116
    0.9491    0.0000   -0.0082    0.9719    0.0000   -0.0051
    0.9899    0.0000   -0.0027    1.0000    0.0000    0.0000
    0.0000    0.0000    0.0000    0.0012    0.0000    0.0061
    0.0049    0.0000    0.0120    0.0108    0.0000    0.0177
    0.0190    0.0000    0.0231    0.0295    0.0000    0.0282
    0.0420    0.0000    0.0330    0.0567    0.0000    0.0375
    0.0733    0.0000    0.0416    0.0918    0.0000    0.0454
    0.1122    0.0000    0.0488    0.1343    0.0000    0.0517
    0.1581    0.0000    0.0542    0.1835    0.0000    0.0563
    0.2104    0.0000    0.0579    0.2387    0.0000    0.0591
    0.2684    0.0000    0.0598    0.2993    0.0000    0.0600
    0.3313    0.0000    0.0598    0.3644    0.0000    0.0591
    0.3984    0.0000    0.0581    0.4332    0.0000    0.0566
    0.4687    0.0000    0.0548    0.5048    0.0000    0.0526
    0.5413    0.0000    0.0502    0.5781    0.0000    0.0474
    0.6151    0.0000    0.0444    0.6521    0.0000    0.0411
    0.6889    0.0000    0.0377    0.7253    0.0000    0.0341
    0.7612    0.0000    0.0304    0.7963    0.0000    0.0266
    0.8304    0.0000    0.0228    0.8631    0.0000    0.0190
    0.8941    0.0000    0.0152    0.9229    0.0000    0.0116
    0.9491    0.0000    0.0082    0.9719    0.0000    0.0051
    0.9899    0.0000    0.0027    1.0000    0.0000    0.0000
$POINTS for network #  6   wingwall                                          
       1.0
       1.0                                     0.0       0.0
      40.0       2.0                                                  wingwall  
    0.0000    0.7500    0.0000    0.0012    0.7500   -0.0061
    0.0049    0.7500   -0.0120    0.0108    0.7500   -0.0177
    0.0190    0.7500   -0.0231    0.0295    0.7500   -0.0282
    0.0420    0.7500   -0.0330    0.0567    0.7500   -0.0375
    0.0733    0.7500   -0.0416    0.0918    0.7500   -0.0454
    0.1122    0.7500   -0.0488    0.1343    0.7500   -0.0517
    0.1581    0.7500   -0.0542    0.1835    0.7500   -0.0563
    0.2104    0.7500   -0.0579    0.2387    0.7500   -0.0591
    0.2684    0.7500   -0.0598    0.2993    0.7500   -0.0600
    0.3313    0.7500   -0.0598    0.3644    0.7500   -0.0591
    0.3984    0.7500   -0.0581    0.4332    0.7500   -0.0566
    0.4687    0.7500   -0.0548    0.5048    0.7500   -0.0526
    0.5413    0.7500   -0.0502    0.5781    0.7500   -0.0474
    0.6151    0.7500   -0.0444    0.6521    0.7500   -0.0411
    0.6889    0.7500   -0.0377    0.7253    0.7500   -0.0341
    0.7612    0.7500   -0.0304    0.7963    0.7500   -0.0266
    0.8304    0.7500   -0.0228    0.8631    0.7500   -0.0190
    0.8941    0.7500   -0.0152    0.9229    0.7500   -0.0116
    0.9491    0.7500   -0.0082    0.9719    0.7500   -0.0051
    0.9899    0.7500   -0.0027    1.0000    0.7500    0.0000
    0.0000    0.7500    0.0000    0.0012    0.7500    0.0061
    0.0049    0.7500    0.0120    0.0108    0.7500    0.0177
    0.0190    0.7500    0.0231    0.0295    0.7500    0.0282
    0.0420    0.7500    0.0330    0.0567    0.7500    0.0375
    0.0733    0.7500    0.0416    0.0918    0.7500    0.0454
    0.1122    0.7500    0.0488    0.1343    0.7500    0.0517
    0.1581    0.7500    0.0542    0.1835    0.7500    0.0563
    0.2104    0.7500    0.0579    0.2387    0.7500    0.0591
    0.2684    0.7500    0.0598    0.2993    0.7500    0.0600
    0.3313    0.7500    0.0598    0.3644    0.7500    0.0591
    0.3984    0.7500    0.0581    0.4332    0.7500    0.0566
    0.4687    0.7500    0.0548    0.5048    0.7500    0.0526
    0.5413    0.7500    0.0502    0.5781    0.7500    0.0474
    0.6151    0.7500    0.0444    0.6521    0.7500    0.0411
    0.6889    0.7500    0.0377    0.7253    0.7500    0.0341
    0.7612    0.7500    0.0304    0.7963    0.7500    0.0266
    0.8304    0.7500    0.0228    0.8631    0.7500    0.0190
    0.8941    0.7500    0.0152    0.9229    0.7500    0.0116
    0.9491    0.7500    0.0082    0.9719    0.7500    0.0051
    0.9899    0.7500    0.0027    1.0000    0.7500    0.0000
$POINTS for network #  7   wingwall                                          
       1.0
       1.0                                     0.0       0.0
      40.0       2.0                                                  wingwall  
    0.0000    1.5000    0.0000    0.0012    1.5000   -0.0061
    0.0049    1.5000   -0.0120    0.0108    1.5000   -0.0177
    0.0190    1.5000   -0.0231    0.0295    1.5000   -0.0282
    0.0420    1.5000   -0.0330    0.0567    1.5000   -0.0375
    0.0733    1.5000   -0.0416    0.0918    1.5000   -0.0454
    0.1122    1.5000   -0.0488    0.1343    1.5000   -0.0517
    0.1581    1.5000   -0.0542    0.1835    1.5000   -0.0563
    0.2104    1.5000   -0.0579    0.2387    1.5000   -0.0591
    0.2684    1.5000   -0.0598    0.2993    1.5000   -0.0600
    0.3313    1.5000   -0.0598    0.3644    1.5000   -0.0591
    0.3984    1.5000   -0.0581    0.4332    1.5000   -0.0566
    0.4687    1.5000   -0.0548    0.5048    1.5000   -0.0526
    0.5413    1.5000   -0.0502    0.5781    1.5000   -0.0474
    0.6151    1.5000   -0.0444    0.6521    1.5000   -0.0411
    0.6889    1.5000   -0.0377    0.7253    1.5000   -0.0341
    0.7612    1.5000   -0.0304    0.7963    1.5000   -0.0266
    0.8304    1.5000   -0.0228    0.8631    1.5000   -0.0190
    0.8941    1.5000   -0.0152    0.9229    1.5000   -0.0116
    0.9491    1.5000   -0.0082    0.9719    1.5000   -0.0051
    0.9899    1.5000   -0.0027    1.0000    1.5000    0.0000
    0.0000    1.5000    0.0000    0.0012    1.5000    0.0061
    0.0049    1.5000    0.0120    0.0108    1.5000    0.0177
    0.0190    1.5000    0.0231    0.0295    1.5000    0.0282
    0.0420    1.5000    0.0330    0.0567    1.5000    0.0375
    0.0733    1.5000    0.0416    0.0918    1.5000    0.0454
    0.1122    1.5000    0.0488    0.1343    1.5000    0.0517
    0.1581    1.5000    0.0542    0.1835    1.5000    0.0563
    0.2104    1.5000    0.0579    0.2387    1.5000    0.0591
    0.2684    1.5000    0.0598    0.2993    1.5000    0.0600
    0.3313    1.5000    0.0598    0.3644    1.5000    0.0591
    0.3984    1.5000    0.0581    0.4332    1.5000    0.0566
    0.4687    1.5000    0.0548    0.5048    1.5000    0.0526
    0.5413    1.5000    0.0502    0.5781    1.5000    0.0474
    0.6151    1.5000    0.0444    0.6521    1.5000    0.0411
    0.6889    1.5000    0.0377    0.7253    1.5000    0.0341
    0.7612    1.5000    0.0304    0.7963    1.5000    0.0266
    0.8304    1.5000    0.0228    0.8631    1.5000    0.0190
    0.8941    1.5000    0.0152    0.9229    1.5000    0.0116
    0.9491    1.5000    0.0082    0.9719    1.5000    0.0051
    0.9899    1.5000    0.0027    1.0000    1.5000    0.0000
$POINTS for network #  8   wingwall                                          
       1.0
       1.0                                     0.0       0.0
      40.0       2.0                                                  wingwall  
    0.0000    2.2500    0.0000    0.0012    2.2500   -0.0061
    0.0049    2.2500   -0.0120    0.0108    2.2500   -0.0177
    0.0190    2.2500   -0.0231    0.0295    2.2500   -0.0282
    0.0420    2.2500   -0.0330    0.0567    2.2500   -0.0375
    0.0733    2.2500   -0.0416    0.0918    2.2500   -0.0454
    0.1122    2.2500   -0.0488    0.1343    2.2500   -0.0517
    0.1581    2.2500   -0.0542    0.1835    2.2500   -0.0563
    0.2104    2.2500   -0.0579    0.2387    2.2500   -0.0591
    0.2684    2.2500   -0.0598    0.2993    2.2500   -0.0600
    0.3313    2.2500   -0.0598    0.3644    2.2500   -0.0591
    0.3984    2.2500   -0.0581    0.4332    2.2500   -0.0566
    0.4687    2.2500   -0.0548    0.5048    2.2500   -0.0526
    0.5413    2.2500   -0.0502    0.5781    2.2500   -0.0474
    0.6151    2.2500   -0.0444    0.6521    2.2500   -0.0411
    0.6889    2.2500   -0.0377    0.7253    2.2500   -0.0341
    0.7612    2.2500   -0.0304    0.7963    2.2500   -0.0266
    0.8304    2.2500   -0.0228    0.8631    2.2500   -0.0190
    0.8941    2.2500   -0.0152    0.9229    2.2500   -0.0116
    0.9491    2.2500   -0.0082    0.9719    2.2500   -0.0051
    0.9899    2.2500   -0.0027    1.0000    2.2500    0.0000
    0.0000    2.2500    0.0000    0.0012    2.2500    0.0061
    0.0049    2.2500    0.0120    0.0108    2.2500    0.0177
    0.0190    2.2500    0.0231    0.0295    2.2500    0.0282
    0.0420    2.2500    0.0330    0.0567    2.2500    0.0375
    0.0733    2.2500    0.0416    0.0918    2.2500    0.0454
    0.1122    2.2500    0.0488    0.1343    2.2500    0.0517
    0.1581    2.2500    0.0542    0.1835    2.2500    0.0563
    0.2104    2.2500    0.0579    0.2387    2.2500    0.0591
    0.2684    2.2500    0.0598    0.2993    2.2500    0.0600
    0.3313    2.2500    0.0598    0.3644    2.2500    0.0591
    0.3984    2.2500    0.0581    0.4332    2.2500    0.0566
    0.4687    2.2500    0.0548    0.5048    2.2500    0.0526
    0.5413    2.2500    0.0502    0.5781    2.2500    0.0474
    0.6151    2.2500    0.0444    0.6521    2.2500    0.0411
    0.6889    2.2500    0.0377    0.7253    2.2500    0.0341
    0.7612    2.2500    0.0304    0.7963    2.2500    0.0266
    0.8304    2.2500    0.0228    0.8631    2.2500    0.0190
    0.8941    2.2500    0.0152    0.9229    2.2500    0.0116
    0.9491    2.2500    0.0082    0.9719    2.2500    0.0051
    0.9899    2.2500    0.0027    1.0000    2.2500    0.0000
$forces and moments summary for nonwake networks
*network selection for summary
     7.0     1.0
      1.0
      2.0
      3.0
      4.0
      5.0
      6.0
      7.0
$end
