(f5.0,4f13.4)
$title INPUT FILE FOR PanAir (A502-ht2)                                        
$title Created by PANIN                                                        
$      second order pressures at grid points
*dupt
*dup
n01c001
 irow            x            y            z          cp1
    1  1.00000E+00  0.00000E+00  0.00000E+00  9.22432E-01
    2  9.89900E-01  0.00000E+00  2.70000E-03  4.47145E-01
    3  9.71900E-01  0.00000E+00  5.10000E-03  1.81165E-01
    4  9.49100E-01  0.00000E+00  8.20000E-03  1.72112E-01
    5  9.22900E-01  0.00000E+00  1.16000E-02  3.53804E-02
    6  8.94100E-01  0.00000E+00  1.52000E-02 -6.95435E-02
    7  8.63100E-01  0.00000E+00  1.90000E-02 -1.75857E-01
    8  8.30400E-01  0.00000E+00  2.28000E-02 -2.68447E-01
    9  7.96300E-01  0.00000E+00  2.66000E-02 -3.52526E-01
   10  7.61200E-01  0.00000E+00  3.04000E-02 -4.43684E-01
   11  7.25300E-01  0.00000E+00  3.41000E-02 -5.35979E-01
   12  6.88900E-01  0.00000E+00  3.77000E-02 -6.24985E-01
   13  6.52100E-01  0.00000E+00  4.11000E-02 -7.15135E-01
   14  6.15100E-01  0.00000E+00  4.44000E-02 -8.13627E-01
   15  5.78100E-01  0.00000E+00  4.74000E-02 -9.15713E-01
   16  5.41300E-01  0.00000E+00  5.02000E-02 -1.01669E+00
   17  5.04800E-01  0.00000E+00  5.26000E-02 -1.11546E+00
   18  4.68700E-01  0.00000E+00  5.48000E-02 -1.22455E+00
   19  4.33200E-01  0.00000E+00  5.66000E-02 -1.34671E+00
   20  3.98400E-01  0.00000E+00  5.81000E-02 -1.46965E+00
   21  3.64400E-01  0.00000E+00  5.91000E-02 -1.59271E+00
   22  3.31300E-01  0.00000E+00  5.98000E-02 -1.73104E+00
   23  2.99300E-01  0.00000E+00  6.00000E-02 -1.87946E+00
   24  2.68400E-01  0.00000E+00  5.98000E-02 -2.03911E+00
   25  2.38700E-01  0.00000E+00  5.91000E-02 -2.20467E+00
   26  2.10400E-01  0.00000E+00  5.79000E-02 -2.37438E+00
   27  1.83500E-01  0.00000E+00  5.63000E-02 -2.57210E+00
   28  1.58100E-01  0.00000E+00  5.42000E-02 -2.78322E+00
   29  1.34300E-01  0.00000E+00  5.17000E-02 -3.03244E+00
   30  1.12200E-01  0.00000E+00  4.88000E-02 -3.33462E+00
   31  9.18000E-02  0.00000E+00  4.54000E-02 -3.65142E+00
   32  7.33000E-02  0.00000E+00  4.16000E-02 -4.02044E+00
   33  5.67000E-02  0.00000E+00  3.75000E-02 -4.51962E+00
   34  4.20000E-02  0.00000E+00  3.30000E-02 -5.14096E+00
   35  2.95000E-02  0.00000E+00  2.82000E-02 -5.93473E+00
   36  1.90000E-02  0.00000E+00  2.31000E-02 -7.12494E+00
   37  1.08000E-02  0.00000E+00  1.77000E-02 -8.75873E+00
   38  4.90000E-03  0.00000E+00  1.20000E-02 -1.12470E+01
   39  1.20000E-03  0.00000E+00  6.10000E-03 -1.83638E+01
   40  0.00000E+00  0.00000E+00  0.00000E+00 -2.23757E+01
   41  1.20000E-03  0.00000E+00 -6.10000E-03 -5.72202E+00
   42  4.90000E-03  0.00000E+00 -1.20000E-02  7.73747E+00
   43  1.08000E-02  0.00000E+00 -1.77000E-02  5.65689E+00
   44  1.90000E-02  0.00000E+00 -2.31000E-02  4.18255E+00
   45  2.95000E-02  0.00000E+00 -2.82000E-02  3.33370E+00
   46  4.20000E-02  0.00000E+00 -3.30000E-02  2.72219E+00
   47  5.67000E-02  0.00000E+00 -3.75000E-02  2.24345E+00
   48  7.33000E-02  0.00000E+00 -4.16000E-02  1.88077E+00
   49  9.18000E-02  0.00000E+00 -4.54000E-02  1.57433E+00
   50  1.12200E-01  0.00000E+00 -4.88000E-02  1.32098E+00
   51  1.34300E-01  0.00000E+00 -5.17000E-02  1.13181E+00
   52  1.58100E-01  0.00000E+00 -5.42000E-02  9.70124E-01
   53  1.83500E-01  0.00000E+00 -5.63000E-02  8.26506E-01
   54  2.10400E-01  0.00000E+00 -5.79000E-02  7.11336E-01
   55  2.38700E-01  0.00000E+00 -5.91000E-02  6.09086E-01
   56  2.68400E-01  0.00000E+00 -5.98000E-02  5.25869E-01
   57  2.99300E-01  0.00000E+00 -6.00000E-02  4.62897E-01
   58  3.31300E-01  0.00000E+00 -5.98000E-02  4.09057E-01
   59  3.64400E-01  0.00000E+00 -5.91000E-02  3.65045E-01
   60  3.98400E-01  0.00000E+00 -5.81000E-02  3.23556E-01
   61  4.33200E-01  0.00000E+00 -5.66000E-02  2.93551E-01
   62  4.68700E-01  0.00000E+00 -5.48000E-02  2.74380E-01
   63  5.04800E-01  0.00000E+00 -5.26000E-02  2.55345E-01
   64  5.41300E-01  0.00000E+00 -5.02000E-02  2.36577E-01
   65  5.78100E-01  0.00000E+00 -4.74000E-02  2.26646E-01
   66  6.15100E-01  0.00000E+00 -4.44000E-02  2.24918E-01
   67  6.52100E-01  0.00000E+00 -4.11000E-02  2.26373E-01
   68  6.88900E-01  0.00000E+00 -3.77000E-02  2.27596E-01
   69  7.25300E-01  0.00000E+00 -3.41000E-02  2.31694E-01
   70  7.61200E-01  0.00000E+00 -3.04000E-02  2.43567E-01
   71  7.96300E-01  0.00000E+00 -2.66000E-02  2.58440E-01
   72  8.30400E-01  0.00000E+00 -2.28000E-02  2.72218E-01
   73  8.63100E-01  0.00000E+00 -1.90000E-02  2.93617E-01
   74  8.94100E-01  0.00000E+00 -1.52000E-02  3.32066E-01
   75  9.22900E-01  0.00000E+00 -1.16000E-02  3.72221E-01
   76  9.49100E-01  0.00000E+00 -8.20000E-03  4.37493E-01
   77  9.71900E-01  0.00000E+00 -5.10000E-03  4.50341E-01
   78  9.89900E-01  0.00000E+00 -2.70000E-03  6.20263E-01
   79  1.00000E+00  0.00000E+00  0.00000E+00  9.03276E-01
*eof
n01c002
    1  1.00000E+00  4.28600E-01  0.00000E+00  9.22138E-01
    2  9.89900E-01  4.28600E-01  2.70000E-03  5.07856E-01
    3  9.71900E-01  4.28600E-01  5.10000E-03  2.38072E-01
    4  9.49100E-01  4.28600E-01  8.20000E-03  1.68749E-01
    5  9.22900E-01  4.28600E-01  1.16000E-02  4.30918E-02
    6  8.94100E-01  4.28600E-01  1.52000E-02 -6.33527E-02
    7  8.63100E-01  4.28600E-01  1.90000E-02 -1.67513E-01
    8  8.30400E-01  4.28600E-01  2.28000E-02 -2.60081E-01
    9  7.96300E-01  4.28600E-01  2.66000E-02 -3.45480E-01
   10  7.61200E-01  4.28600E-01  3.04000E-02 -4.35173E-01
   11  7.25300E-01  4.28600E-01  3.41000E-02 -5.25935E-01
   12  6.88900E-01  4.28600E-01  3.77000E-02 -6.14664E-01
   13  6.52100E-01  4.28600E-01  4.11000E-02 -7.04881E-01
   14  6.15100E-01  4.28600E-01  4.44000E-02 -8.01856E-01
   15  5.78100E-01  4.28600E-01  4.74000E-02 -9.02268E-01
   16  5.41300E-01  4.28600E-01  5.02000E-02 -1.00243E+00
   17  5.04800E-01  4.28600E-01  5.26000E-02 -1.10218E+00
   18  4.68700E-01  4.28600E-01  5.48000E-02 -1.21088E+00
   19  4.33200E-01  4.28600E-01  5.66000E-02 -1.33058E+00
   20  3.98400E-01  4.28600E-01  5.81000E-02 -1.45267E+00
   21  3.64400E-01  4.28600E-01  5.91000E-02 -1.57697E+00
   22  3.31300E-01  4.28600E-01  5.98000E-02 -1.71423E+00
   23  2.99300E-01  4.28600E-01  6.00000E-02 -1.86175E+00
   24  2.68400E-01  4.28600E-01  5.98000E-02 -2.01982E+00
   25  2.38700E-01  4.28600E-01  5.91000E-02 -2.18495E+00
   26  2.10400E-01  4.28600E-01  5.79000E-02 -2.35699E+00
   27  1.83500E-01  4.28600E-01  5.63000E-02 -2.55332E+00
   28  1.58100E-01  4.28600E-01  5.42000E-02 -2.76742E+00
   29  1.34300E-01  4.28600E-01  5.17000E-02 -3.01776E+00
   30  1.12200E-01  4.28600E-01  4.88000E-02 -3.31541E+00
   31  9.18000E-02  4.28600E-01  4.54000E-02 -3.63892E+00
   32  7.33000E-02  4.28600E-01  4.16000E-02 -4.02076E+00
   33  5.67000E-02  4.28600E-01  3.75000E-02 -4.52521E+00
   34  4.20000E-02  4.28600E-01  3.30000E-02 -5.16706E+00
   35  2.95000E-02  4.28600E-01  2.82000E-02 -6.00726E+00
   36  1.90000E-02  4.28600E-01  2.31000E-02 -7.24803E+00
   37  1.08000E-02  4.28600E-01  1.77000E-02 -9.00466E+00
   38  4.90000E-03  4.28600E-01  1.20000E-02 -1.17018E+01
   39  1.20000E-03  4.28600E-01  6.10000E-03 -1.72074E+01
   40  0.00000E+00  4.28600E-01  0.00000E+00 -1.91971E+01
   41  1.20000E-03  4.28600E-01 -6.10000E-03 -5.92487E+00
   42  4.90000E-03  4.28600E-01 -1.20000E-02  5.27315E+00
   43  1.08000E-02  4.28600E-01 -1.77000E-02  5.18791E+00
   44  1.90000E-02  4.28600E-01 -2.31000E-02  4.18096E+00
   45  2.95000E-02  4.28600E-01 -2.82000E-02  3.36938E+00
   46  4.20000E-02  4.28600E-01 -3.30000E-02  2.74631E+00
   47  5.67000E-02  4.28600E-01 -3.75000E-02  2.25670E+00
   48  7.33000E-02  4.28600E-01 -4.16000E-02  1.88173E+00
   49  9.18000E-02  4.28600E-01 -4.54000E-02  1.57142E+00
   50  1.12200E-01  4.28600E-01 -4.88000E-02  1.31704E+00
   51  1.34300E-01  4.28600E-01 -5.17000E-02  1.12214E+00
   52  1.58100E-01  4.28600E-01 -5.42000E-02  9.58123E-01
   53  1.83500E-01  4.28600E-01 -5.63000E-02  8.15297E-01
   54  2.10400E-01  4.28600E-01 -5.79000E-02  6.98578E-01
   55  2.38700E-01  4.28600E-01 -5.91000E-02  5.97174E-01
   56  2.68400E-01  4.28600E-01 -5.98000E-02  5.14305E-01
   57  2.99300E-01  4.28600E-01 -6.00000E-02  4.50165E-01
   58  3.31300E-01  4.28600E-01 -5.98000E-02  3.96419E-01
   59  3.64400E-01  4.28600E-01 -5.91000E-02  3.52046E-01
   60  3.98400E-01  4.28600E-01 -5.81000E-02  3.12103E-01
   61  4.33200E-01  4.28600E-01 -5.66000E-02  2.82454E-01
   62  4.68700E-01  4.28600E-01 -5.48000E-02  2.62302E-01
   63  5.04800E-01  4.28600E-01 -5.26000E-02  2.43776E-01
   64  5.41300E-01  4.28600E-01 -5.02000E-02  2.26761E-01
   65  5.78100E-01  4.28600E-01 -4.74000E-02  2.17406E-01
   66  6.15100E-01  4.28600E-01 -4.44000E-02  2.15449E-01
   67  6.52100E-01  4.28600E-01 -4.11000E-02  2.16955E-01
   68  6.88900E-01  4.28600E-01 -3.77000E-02  2.19258E-01
   69  7.25300E-01  4.28600E-01 -3.41000E-02  2.24642E-01
   70  7.61200E-01  4.28600E-01 -3.04000E-02  2.36596E-01
   71  7.96300E-01  4.28600E-01 -2.66000E-02  2.51793E-01
   72  8.30400E-01  4.28600E-01 -2.28000E-02  2.67826E-01
   73  8.63100E-01  4.28600E-01 -1.90000E-02  2.91501E-01
   74  8.94100E-01  4.28600E-01 -1.52000E-02  3.29789E-01
   75  9.22900E-01  4.28600E-01 -1.16000E-02  3.73601E-01
   76  9.49100E-01  4.28600E-01 -8.20000E-03  4.36345E-01
   77  9.71900E-01  4.28600E-01 -5.10000E-03  4.85118E-01
   78  9.89900E-01  4.28600E-01 -2.70000E-03  6.56648E-01
   79  1.00000E+00  4.28600E-01  0.00000E+00  9.03812E-01
*eof
n01c003
    1  1.00000E+00  8.57100E-01  0.00000E+00  9.21932E-01
    2  9.89900E-01  8.57100E-01  2.70000E-03  4.85807E-01
    3  9.71900E-01  8.57100E-01  5.10000E-03  2.23561E-01
    4  9.49100E-01  8.57100E-01  8.20000E-03  1.73057E-01
    5  9.22900E-01  8.57100E-01  1.16000E-02  4.65987E-02
    6  8.94100E-01  8.57100E-01  1.52000E-02 -5.72036E-02
    7  8.63100E-01  8.57100E-01  1.90000E-02 -1.59849E-01
    8  8.30400E-01  8.57100E-01  2.28000E-02 -2.50276E-01
    9  7.96300E-01  8.57100E-01  2.66000E-02 -3.33168E-01
   10  7.61200E-01  8.57100E-01  3.04000E-02 -4.21252E-01
   11  7.25300E-01  8.57100E-01  3.41000E-02 -5.10457E-01
   12  6.88900E-01  8.57100E-01  3.77000E-02 -5.97284E-01
   13  6.52100E-01  8.57100E-01  4.11000E-02 -6.85495E-01
   14  6.15100E-01  8.57100E-01  4.44000E-02 -7.80978E-01
   15  5.78100E-01  8.57100E-01  4.74000E-02 -8.79966E-01
   16  5.41300E-01  8.57100E-01  5.02000E-02 -9.78468E-01
   17  5.04800E-01  8.57100E-01  5.26000E-02 -1.07603E+00
   18  4.68700E-01  8.57100E-01  5.48000E-02 -1.18293E+00
   19  4.33200E-01  8.57100E-01  5.66000E-02 -1.30147E+00
   20  3.98400E-01  8.57100E-01  5.81000E-02 -1.42192E+00
   21  3.64400E-01  8.57100E-01  5.91000E-02 -1.54392E+00
   22  3.31300E-01  8.57100E-01  5.98000E-02 -1.67946E+00
   23  2.99300E-01  8.57100E-01  6.00000E-02 -1.82521E+00
   24  2.68400E-01  8.57100E-01  5.98000E-02 -1.98151E+00
   25  2.38700E-01  8.57100E-01  5.91000E-02 -2.14447E+00
   26  2.10400E-01  8.57100E-01  5.79000E-02 -2.31322E+00
   27  1.83500E-01  8.57100E-01  5.63000E-02 -2.50701E+00
   28  1.58100E-01  8.57100E-01  5.42000E-02 -2.71690E+00
   29  1.34300E-01  8.57100E-01  5.17000E-02 -2.96280E+00
   30  1.12200E-01  8.57100E-01  4.88000E-02 -3.25692E+00
   31  9.18000E-02  8.57100E-01  4.54000E-02 -3.57255E+00
   32  7.33000E-02  8.57100E-01  4.16000E-02 -3.94277E+00
   33  5.67000E-02  8.57100E-01  3.75000E-02 -4.43523E+00
   34  4.20000E-02  8.57100E-01  3.30000E-02 -5.05710E+00
   35  2.95000E-02  8.57100E-01  2.82000E-02 -5.86326E+00
   36  1.90000E-02  8.57100E-01  2.31000E-02 -7.05743E+00
   37  1.08000E-02  8.57100E-01  1.77000E-02 -8.72877E+00
   38  4.90000E-03  8.57100E-01  1.20000E-02 -1.12798E+01
   39  1.20000E-03  8.57100E-01  6.10000E-03 -1.71050E+01
   40  0.00000E+00  8.57100E-01  0.00000E+00 -1.95111E+01
   41  1.20000E-03  8.57100E-01 -6.10000E-03 -5.30311E+00
   42  4.90000E-03  8.57100E-01 -1.20000E-02  6.11046E+00
   43  1.08000E-02  8.57100E-01 -1.77000E-02  5.28847E+00
   44  1.90000E-02  8.57100E-01 -2.31000E-02  4.12262E+00
   45  2.95000E-02  8.57100E-01 -2.82000E-02  3.29971E+00
   46  4.20000E-02  8.57100E-01 -3.30000E-02  2.68313E+00
   47  5.67000E-02  8.57100E-01 -3.75000E-02  2.20059E+00
   48  7.33000E-02  8.57100E-01 -4.16000E-02  1.83289E+00
   49  9.18000E-02  8.57100E-01 -4.54000E-02  1.52667E+00
   50  1.12200E-01  8.57100E-01 -4.88000E-02  1.27530E+00
   51  1.34300E-01  8.57100E-01 -5.17000E-02  1.08461E+00
   52  1.58100E-01  8.57100E-01 -5.42000E-02  9.23370E-01
   53  1.83500E-01  8.57100E-01 -5.63000E-02  7.82147E-01
   54  2.10400E-01  8.57100E-01 -5.79000E-02  6.67570E-01
   55  2.38700E-01  8.57100E-01 -5.91000E-02  5.67403E-01
   56  2.68400E-01  8.57100E-01 -5.98000E-02  4.85877E-01
   57  2.99300E-01  8.57100E-01 -6.00000E-02  4.23484E-01
   58  3.31300E-01  8.57100E-01 -5.98000E-02  3.71033E-01
   59  3.64400E-01  8.57100E-01 -5.91000E-02  3.28016E-01
   60  3.98400E-01  8.57100E-01 -5.81000E-02  2.88792E-01
   61  4.33200E-01  8.57100E-01 -5.66000E-02  2.60231E-01
   62  4.68700E-01  8.57100E-01 -5.48000E-02  2.41565E-01
   63  5.04800E-01  8.57100E-01 -5.26000E-02  2.24035E-01
   64  5.41300E-01  8.57100E-01 -5.02000E-02  2.07606E-01
   65  5.78100E-01  8.57100E-01 -4.74000E-02  1.99211E-01
   66  6.15100E-01  8.57100E-01 -4.44000E-02  1.98490E-01
   67  6.52100E-01  8.57100E-01 -4.11000E-02  2.01156E-01
   68  6.88900E-01  8.57100E-01 -3.77000E-02  2.04305E-01
   69  7.25300E-01  8.57100E-01 -3.41000E-02  2.10480E-01
   70  7.61200E-01  8.57100E-01 -3.04000E-02  2.23647E-01
   71  7.96300E-01  8.57100E-01 -2.66000E-02  2.40017E-01
   72  8.30400E-01  8.57100E-01 -2.28000E-02  2.56688E-01
   73  8.63100E-01  8.57100E-01 -1.90000E-02  2.81032E-01
   74  8.94100E-01  8.57100E-01 -1.52000E-02  3.20877E-01
   75  9.22900E-01  8.57100E-01 -1.16000E-02  3.65235E-01
   76  9.49100E-01  8.57100E-01 -8.20000E-03  4.30129E-01
   77  9.71900E-01  8.57100E-01 -5.10000E-03  4.71579E-01
   78  9.89900E-01  8.57100E-01 -2.70000E-03  6.42117E-01
   79  1.00000E+00  8.57100E-01  0.00000E+00  9.02946E-01
*eof
n01c004
    1  1.00000E+00  1.28570E+00  0.00000E+00  9.20568E-01
    2  9.89900E-01  1.28570E+00  2.70000E-03  4.86787E-01
    3  9.71900E-01  1.28570E+00  5.10000E-03  2.28473E-01
    4  9.49100E-01  1.28570E+00  8.20000E-03  1.81389E-01
    5  9.22900E-01  1.28570E+00  1.16000E-02  5.82374E-02
    6  8.94100E-01  1.28570E+00  1.52000E-02 -4.24578E-02
    7  8.63100E-01  1.28570E+00  1.90000E-02 -1.41941E-01
    8  8.30400E-01  1.28570E+00  2.28000E-02 -2.29247E-01
    9  7.96300E-01  1.28570E+00  2.66000E-02 -3.08986E-01
   10  7.61200E-01  1.28570E+00  3.04000E-02 -3.93865E-01
   11  7.25300E-01  1.28570E+00  3.41000E-02 -4.79826E-01
   12  6.88900E-01  1.28570E+00  3.77000E-02 -5.63424E-01
   13  6.52100E-01  1.28570E+00  4.11000E-02 -6.48375E-01
   14  6.15100E-01  1.28570E+00  4.44000E-02 -7.40574E-01
   15  5.78100E-01  1.28570E+00  4.74000E-02 -8.36279E-01
   16  5.41300E-01  1.28570E+00  5.02000E-02 -9.31546E-01
   17  5.04800E-01  1.28570E+00  5.26000E-02 -1.02591E+00
   18  4.68700E-01  1.28570E+00  5.48000E-02 -1.12959E+00
   19  4.33200E-01  1.28570E+00  5.66000E-02 -1.24487E+00
   20  3.98400E-01  1.28570E+00  5.81000E-02 -1.36209E+00
   21  3.64400E-01  1.28570E+00  5.91000E-02 -1.48086E+00
   22  3.31300E-01  1.28570E+00  5.98000E-02 -1.61304E+00
   23  2.99300E-01  1.28570E+00  6.00000E-02 -1.75534E+00
   24  2.68400E-01  1.28570E+00  5.98000E-02 -1.90796E+00
   25  2.38700E-01  1.28570E+00  5.91000E-02 -2.06709E+00
   26  2.10400E-01  1.28570E+00  5.79000E-02 -2.23173E+00
   27  1.83500E-01  1.28570E+00  5.63000E-02 -2.42081E+00
   28  1.58100E-01  1.28570E+00  5.42000E-02 -2.62543E+00
   29  1.34300E-01  1.28570E+00  5.17000E-02 -2.86502E+00
   30  1.12200E-01  1.28570E+00  4.88000E-02 -3.15139E+00
   31  9.18000E-02  1.28570E+00  4.54000E-02 -3.45788E+00
   32  7.33000E-02  1.28570E+00  4.16000E-02 -3.81663E+00
   33  5.67000E-02  1.28570E+00  3.75000E-02 -4.29349E+00
   34  4.20000E-02  1.28570E+00  3.30000E-02 -4.89431E+00
   35  2.95000E-02  1.28570E+00  2.82000E-02 -5.67120E+00
   36  1.90000E-02  1.28570E+00  2.31000E-02 -6.81989E+00
   37  1.08000E-02  1.28570E+00  1.77000E-02 -8.42080E+00
   38  4.90000E-03  1.28570E+00  1.20000E-02 -1.08556E+01
   39  1.20000E-03  1.28570E+00  6.10000E-03 -1.63577E+01
   40  0.00000E+00  1.28570E+00  0.00000E+00 -1.82854E+01
   41  1.20000E-03  1.28570E+00 -6.10000E-03 -4.51413E+00
   42  4.90000E-03  1.28570E+00 -1.20000E-02  6.15547E+00
   43  1.08000E-02  1.28570E+00 -1.77000E-02  5.20422E+00
   44  1.90000E-02  1.28570E+00 -2.31000E-02  4.02602E+00
   45  2.95000E-02  1.28570E+00 -2.82000E-02  3.20488E+00
   46  4.20000E-02  1.28570E+00 -3.30000E-02  2.59316E+00
   47  5.67000E-02  1.28570E+00 -3.75000E-02  2.11635E+00
   48  7.33000E-02  1.28570E+00 -4.16000E-02  1.75417E+00
   49  9.18000E-02  1.28570E+00 -4.54000E-02  1.45260E+00
   50  1.12200E-01  1.28570E+00 -4.88000E-02  1.20546E+00
   51  1.34300E-01  1.28570E+00 -5.17000E-02  1.01870E+00
   52  1.58100E-01  1.28570E+00 -5.42000E-02  8.60825E-01
   53  1.83500E-01  1.28570E+00 -5.63000E-02  7.22566E-01
   54  2.10400E-01  1.28570E+00 -5.79000E-02  6.10702E-01
   55  2.38700E-01  1.28570E+00 -5.91000E-02  5.12973E-01
   56  2.68400E-01  1.28570E+00 -5.98000E-02  4.33795E-01
   57  2.99300E-01  1.28570E+00 -6.00000E-02  3.73656E-01
   58  3.31300E-01  1.28570E+00 -5.98000E-02  3.23359E-01
   59  3.64400E-01  1.28570E+00 -5.91000E-02  2.82403E-01
   60  3.98400E-01  1.28570E+00 -5.81000E-02  2.45148E-01
   61  4.33200E-01  1.28570E+00 -5.66000E-02  2.18540E-01
   62  4.68700E-01  1.28570E+00 -5.48000E-02  2.01803E-01
   63  5.04800E-01  1.28570E+00 -5.26000E-02  1.86141E-01
   64  5.41300E-01  1.28570E+00 -5.02000E-02  1.71533E-01
   65  5.78100E-01  1.28570E+00 -4.74000E-02  1.64971E-01
   66  6.15100E-01  1.28570E+00 -4.44000E-02  1.66099E-01
   67  6.52100E-01  1.28570E+00 -4.11000E-02  1.70622E-01
   68  6.88900E-01  1.28570E+00 -3.77000E-02  1.75624E-01
   69  7.25300E-01  1.28570E+00 -3.41000E-02  1.83678E-01
   70  7.61200E-01  1.28570E+00 -3.04000E-02  1.98781E-01
   71  7.96300E-01  1.28570E+00 -2.66000E-02  2.17137E-01
   72  8.30400E-01  1.28570E+00 -2.28000E-02  2.35846E-01
   73  8.63100E-01  1.28570E+00 -1.90000E-02  2.62304E-01
   74  8.94100E-01  1.28570E+00 -1.52000E-02  3.04349E-01
   75  9.22900E-01  1.28570E+00 -1.16000E-02  3.51000E-01
   76  9.49100E-01  1.28570E+00 -8.20000E-03  4.18108E-01
   77  9.71900E-01  1.28570E+00 -5.10000E-03  4.62159E-01
   78  9.89900E-01  1.28570E+00 -2.70000E-03  6.35808E-01
   79  1.00000E+00  1.28570E+00  0.00000E+00  8.99393E-01
*eof
n01c005
    1  1.00000E+00  1.71430E+00  0.00000E+00  9.19089E-01
    2  9.89900E-01  1.71430E+00  2.70000E-03  4.86062E-01
    3  9.71900E-01  1.71430E+00  5.10000E-03  2.34457E-01
    4  9.49100E-01  1.71430E+00  8.20000E-03  1.92418E-01
    5  9.22900E-01  1.71430E+00  1.16000E-02  7.41606E-02
    6  8.94100E-01  1.71430E+00  1.52000E-02 -2.15091E-02
    7  8.63100E-01  1.71430E+00  1.90000E-02 -1.15793E-01
    8  8.30400E-01  1.71430E+00  2.28000E-02 -1.97866E-01
    9  7.96300E-01  1.71430E+00  2.66000E-02 -2.72286E-01
   10  7.61200E-01  1.71430E+00  3.04000E-02 -3.51763E-01
   11  7.25300E-01  1.71430E+00  3.41000E-02 -4.32269E-01
   12  6.88900E-01  1.71430E+00  3.77000E-02 -5.10450E-01
   13  6.52100E-01  1.71430E+00  4.11000E-02 -5.89949E-01
   14  6.15100E-01  1.71430E+00  4.44000E-02 -6.76662E-01
   15  5.78100E-01  1.71430E+00  4.74000E-02 -7.66892E-01
   16  5.41300E-01  1.71430E+00  5.02000E-02 -8.56768E-01
   17  5.04800E-01  1.71430E+00  5.26000E-02 -9.45808E-01
   18  4.68700E-01  1.71430E+00  5.48000E-02 -1.04413E+00
   19  4.33200E-01  1.71430E+00  5.66000E-02 -1.15400E+00
   20  3.98400E-01  1.71430E+00  5.81000E-02 -1.26589E+00
   21  3.64400E-01  1.71430E+00  5.91000E-02 -1.37939E+00
   22  3.31300E-01  1.71430E+00  5.98000E-02 -1.50616E+00
   23  2.99300E-01  1.71430E+00  6.00000E-02 -1.64299E+00
   24  2.68400E-01  1.71430E+00  5.98000E-02 -1.78989E+00
   25  2.38700E-01  1.71430E+00  5.91000E-02 -1.94318E+00
   26  2.10400E-01  1.71430E+00  5.79000E-02 -2.10165E+00
   27  1.83500E-01  1.71430E+00  5.63000E-02 -2.28378E+00
   28  1.58100E-01  1.71430E+00  5.42000E-02 -2.48065E+00
   29  1.34300E-01  1.71430E+00  5.17000E-02 -2.71096E+00
   30  1.12200E-01  1.71430E+00  4.88000E-02 -2.98593E+00
   31  9.18000E-02  1.71430E+00  4.54000E-02 -3.27891E+00
   32  7.33000E-02  1.71430E+00  4.16000E-02 -3.62058E+00
   33  5.67000E-02  1.71430E+00  3.75000E-02 -4.07408E+00
   34  4.20000E-02  1.71430E+00  3.30000E-02 -4.64322E+00
   35  2.95000E-02  1.71430E+00  2.82000E-02 -5.37592E+00
   36  1.90000E-02  1.71430E+00  2.31000E-02 -6.45601E+00
   37  1.08000E-02  1.71430E+00  1.77000E-02 -7.95067E+00
   38  4.90000E-03  1.71430E+00  1.20000E-02 -1.02108E+01
   39  1.20000E-03  1.71430E+00  6.10000E-03 -1.52230E+01
   40  0.00000E+00  1.71430E+00  0.00000E+00 -1.64359E+01
   41  1.20000E-03  1.71430E+00 -6.10000E-03 -3.34903E+00
   42  4.90000E-03  1.71430E+00 -1.20000E-02  6.19492E+00
   43  1.08000E-02  1.71430E+00 -1.77000E-02  5.06276E+00
   44  1.90000E-02  1.71430E+00 -2.31000E-02  3.87107E+00
   45  2.95000E-02  1.71430E+00 -2.82000E-02  3.05498E+00
   46  4.20000E-02  1.71430E+00 -3.30000E-02  2.45171E+00
   47  5.67000E-02  1.71430E+00 -3.75000E-02  1.98426E+00
   48  7.33000E-02  1.71430E+00 -4.16000E-02  1.63089E+00
   49  9.18000E-02  1.71430E+00 -4.54000E-02  1.33654E+00
   50  1.12200E-01  1.71430E+00 -4.88000E-02  1.09596E+00
   51  1.34300E-01  1.71430E+00 -5.17000E-02  9.15329E-01
   52  1.58100E-01  1.71430E+00 -5.42000E-02  7.62687E-01
   53  1.83500E-01  1.71430E+00 -5.63000E-02  6.29091E-01
   54  2.10400E-01  1.71430E+00 -5.79000E-02  5.21589E-01
   55  2.38700E-01  1.71430E+00 -5.91000E-02  4.27819E-01
   56  2.68400E-01  1.71430E+00 -5.98000E-02  3.52525E-01
   57  2.99300E-01  1.71430E+00 -6.00000E-02  2.96154E-01
   58  3.31300E-01  1.71430E+00 -5.98000E-02  2.49463E-01
   59  3.64400E-01  1.71430E+00 -5.91000E-02  2.11974E-01
   60  3.98400E-01  1.71430E+00 -5.81000E-02  1.78001E-01
   61  4.33200E-01  1.71430E+00 -5.66000E-02  1.54617E-01
   62  4.68700E-01  1.71430E+00 -5.48000E-02  1.40996E-01
   63  5.04800E-01  1.71430E+00 -5.26000E-02  1.28273E-01
   64  5.41300E-01  1.71430E+00 -5.02000E-02  1.16476E-01
   65  5.78100E-01  1.71430E+00 -4.74000E-02  1.12661E-01
   66  6.15100E-01  1.71430E+00 -4.44000E-02  1.16488E-01
   67  6.52100E-01  1.71430E+00 -4.11000E-02  1.23696E-01
   68  6.88900E-01  1.71430E+00 -3.77000E-02  1.31358E-01
   69  7.25300E-01  1.71430E+00 -3.41000E-02  1.42119E-01
   70  7.61200E-01  1.71430E+00 -3.04000E-02  1.60043E-01
   71  7.96300E-01  1.71430E+00 -2.66000E-02  1.81344E-01
   72  8.30400E-01  1.71430E+00 -2.28000E-02  2.03125E-01
   73  8.63100E-01  1.71430E+00 -1.90000E-02  2.32835E-01
   74  8.94100E-01  1.71430E+00 -1.52000E-02  2.78354E-01
   75  9.22900E-01  1.71430E+00 -1.16000E-02  3.28594E-01
   76  9.49100E-01  1.71430E+00 -8.20000E-03  3.99348E-01
   77  9.71900E-01  1.71430E+00 -5.10000E-03  4.47178E-01
   78  9.89900E-01  1.71430E+00 -2.70000E-03  6.25629E-01
   79  1.00000E+00  1.71430E+00  0.00000E+00  8.96763E-01
*eof
n01c006
    1  1.00000E+00  2.14290E+00  0.00000E+00  9.47685E-01
    2  9.89900E-01  2.14290E+00  2.70000E-03  4.91489E-01
    3  9.71900E-01  2.14290E+00  5.10000E-03  2.59317E-01
    4  9.49100E-01  2.14290E+00  8.20000E-03  2.22415E-01
    5  9.22900E-01  2.14290E+00  1.16000E-02  1.12180E-01
    6  8.94100E-01  2.14290E+00  1.52000E-02  2.50466E-02
    7  8.63100E-01  2.14290E+00  1.90000E-02 -6.05473E-02
    8  8.30400E-01  2.14290E+00  2.28000E-02 -1.34200E-01
    9  7.96300E-01  2.14290E+00  2.66000E-02 -2.00325E-01
   10  7.61200E-01  2.14290E+00  3.04000E-02 -2.71602E-01
   11  7.25300E-01  2.14290E+00  3.41000E-02 -3.44031E-01
   12  6.88900E-01  2.14290E+00  3.77000E-02 -4.14313E-01
   13  6.52100E-01  2.14290E+00  4.11000E-02 -4.85907E-01
   14  6.15100E-01  2.14290E+00  4.44000E-02 -5.64642E-01
   15  5.78100E-01  2.14290E+00  4.74000E-02 -6.46859E-01
   16  5.41300E-01  2.14290E+00  5.02000E-02 -7.28726E-01
   17  5.04800E-01  2.14290E+00  5.26000E-02 -8.09798E-01
   18  4.68700E-01  2.14290E+00  5.48000E-02 -9.00137E-01
   19  4.33200E-01  2.14290E+00  5.66000E-02 -1.00190E+00
   20  3.98400E-01  2.14290E+00  5.81000E-02 -1.10573E+00
   21  3.64400E-01  2.14290E+00  5.91000E-02 -1.21127E+00
   22  3.31300E-01  2.14290E+00  5.98000E-02 -1.32991E+00
   23  2.99300E-01  2.14290E+00  6.00000E-02 -1.45867E+00
   24  2.68400E-01  2.14290E+00  5.98000E-02 -1.59725E+00
   25  2.38700E-01  2.14290E+00  5.91000E-02 -1.74232E+00
   26  2.10400E-01  2.14290E+00  5.79000E-02 -1.89251E+00
   27  1.83500E-01  2.14290E+00  5.63000E-02 -2.06547E+00
   28  1.58100E-01  2.14290E+00  5.42000E-02 -2.25240E+00
   29  1.34300E-01  2.14290E+00  5.17000E-02 -2.47081E+00
   30  1.12200E-01  2.14290E+00  4.88000E-02 -2.73097E+00
   31  9.18000E-02  2.14290E+00  4.54000E-02 -3.00645E+00
   32  7.33000E-02  2.14290E+00  4.16000E-02 -3.32566E+00
   33  5.67000E-02  2.14290E+00  3.75000E-02 -3.74738E+00
   34  4.20000E-02  2.14290E+00  3.30000E-02 -4.27302E+00
   35  2.95000E-02  2.14290E+00  2.82000E-02 -4.94444E+00
   36  1.90000E-02  2.14290E+00  2.31000E-02 -5.92810E+00
   37  1.08000E-02  2.14290E+00  1.77000E-02 -7.27353E+00
   38  4.90000E-03  2.14290E+00  1.20000E-02 -9.28706E+00
   39  1.20000E-03  2.14290E+00  6.10000E-03 -1.35792E+01
   40  0.00000E+00  2.14290E+00  0.00000E+00 -1.37521E+01
   41  1.20000E-03  2.14290E+00 -6.10000E-03 -1.71953E+00
   42  4.90000E-03  2.14290E+00 -1.20000E-02  6.18328E+00
   43  1.08000E-02  2.14290E+00 -1.77000E-02  4.83746E+00
   44  1.90000E-02  2.14290E+00 -2.31000E-02  3.64158E+00
   45  2.95000E-02  2.14290E+00 -2.82000E-02  2.83729E+00
   46  4.20000E-02  2.14290E+00 -3.30000E-02  2.24705E+00
   47  5.67000E-02  2.14290E+00 -3.75000E-02  1.79276E+00
   48  7.33000E-02  2.14290E+00 -4.16000E-02  1.45125E+00
   49  9.18000E-02  2.14290E+00 -4.54000E-02  1.16608E+00
   50  1.12200E-01  2.14290E+00 -4.88000E-02  9.33966E-01
   51  1.34300E-01  2.14290E+00 -5.17000E-02  7.61621E-01
   52  1.58100E-01  2.14290E+00 -5.42000E-02  6.16464E-01
   53  1.83500E-01  2.14290E+00 -5.63000E-02  4.90096E-01
   54  2.10400E-01  2.14290E+00 -5.79000E-02  3.89895E-01
   55  2.38700E-01  2.14290E+00 -5.91000E-02  3.03252E-01
   56  2.68400E-01  2.14290E+00 -5.98000E-02  2.35208E-01
   57  2.99300E-01  2.14290E+00 -6.00000E-02  1.85978E-01
   58  3.31300E-01  2.14290E+00 -5.98000E-02  1.46136E-01
   59  3.64400E-01  2.14290E+00 -5.91000E-02  1.15127E-01
   60  3.98400E-01  2.14290E+00 -5.81000E-02  8.71056E-02
   61  4.33200E-01  2.14290E+00 -5.66000E-02  6.92155E-02
   62  4.68700E-01  2.14290E+00 -5.48000E-02  6.04954E-02
   63  5.04800E-01  2.14290E+00 -5.26000E-02  5.20930E-02
   64  5.41300E-01  2.14290E+00 -5.02000E-02  4.42678E-02
   65  5.78100E-01  2.14290E+00 -4.74000E-02  4.40440E-02
   66  6.15100E-01  2.14290E+00 -4.44000E-02  5.10992E-02
   67  6.52100E-01  2.14290E+00 -4.11000E-02  6.13467E-02
   68  6.88900E-01  2.14290E+00 -3.77000E-02  7.19466E-02
   69  7.25300E-01  2.14290E+00 -3.41000E-02  8.57637E-02
   70  7.61200E-01  2.14290E+00 -3.04000E-02  1.07116E-01
   71  7.96300E-01  2.14290E+00 -2.66000E-02  1.32436E-01
   72  8.30400E-01  2.14290E+00 -2.28000E-02  1.59018E-01
   73  8.63100E-01  2.14290E+00 -1.90000E-02  1.94598E-01
   74  8.94100E-01  2.14290E+00 -1.52000E-02  2.47297E-01
   75  9.22900E-01  2.14290E+00 -1.16000E-02  3.05878E-01
   76  9.49100E-01  2.14290E+00 -8.20000E-03  3.85692E-01
   77  9.71900E-01  2.14290E+00 -5.10000E-03  4.39645E-01
   78  9.89900E-01  2.14290E+00 -2.70000E-03  6.25913E-01
   79  1.00000E+00  2.14290E+00  0.00000E+00  9.44025E-01
*eof
n01c007
    1  1.00000E+00  2.57140E+00  0.00000E+00  6.14799E-01
    2  9.89900E-01  2.57140E+00  2.70000E-03  2.52487E-01
    3  9.71900E-01  2.57140E+00  5.10000E-03  7.69317E-02
    4  9.49100E-01  2.57140E+00  8.20000E-03  5.77397E-02
    5  9.22900E-01  2.57140E+00  1.16000E-02 -2.58644E-02
    6  8.94100E-01  2.57140E+00  1.52000E-02 -9.33122E-02
    7  8.63100E-01  2.57140E+00  1.90000E-02 -1.59595E-01
    8  8.30400E-01  2.57140E+00  2.28000E-02 -2.15841E-01
    9  7.96300E-01  2.57140E+00  2.66000E-02 -2.65241E-01
   10  7.61200E-01  2.57140E+00  3.04000E-02 -3.18539E-01
   11  7.25300E-01  2.57140E+00  3.41000E-02 -3.72439E-01
   12  6.88900E-01  2.57140E+00  3.77000E-02 -4.23948E-01
   13  6.52100E-01  2.57140E+00  4.11000E-02 -4.75901E-01
   14  6.15100E-01  2.57140E+00  4.44000E-02 -5.33323E-01
   15  5.78100E-01  2.57140E+00  4.74000E-02 -5.93112E-01
   16  5.41300E-01  2.57140E+00  5.02000E-02 -6.51826E-01
   17  5.04800E-01  2.57140E+00  5.26000E-02 -7.09197E-01
   18  4.68700E-01  2.57140E+00  5.48000E-02 -7.73994E-01
   19  4.33200E-01  2.57140E+00  5.66000E-02 -8.48129E-01
   20  3.98400E-01  2.57140E+00  5.81000E-02 -9.23670E-01
   21  3.64400E-01  2.57140E+00  5.91000E-02 -1.00041E+00
   22  3.31300E-01  2.57140E+00  5.98000E-02 -1.08805E+00
   23  2.99300E-01  2.57140E+00  6.00000E-02 -1.18455E+00
   24  2.68400E-01  2.57140E+00  5.98000E-02 -1.28939E+00
   25  2.38700E-01  2.57140E+00  5.91000E-02 -1.40009E+00
   26  2.10400E-01  2.57140E+00  5.79000E-02 -1.51583E+00
   27  1.83500E-01  2.57140E+00  5.63000E-02 -1.65148E+00
   28  1.58100E-01  2.57140E+00  5.42000E-02 -1.80075E+00
   29  1.34300E-01  2.57140E+00  5.17000E-02 -1.97831E+00
   30  1.12200E-01  2.57140E+00  4.88000E-02 -2.19225E+00
   31  9.18000E-02  2.57140E+00  4.54000E-02 -2.42116E+00
   32  7.33000E-02  2.57140E+00  4.16000E-02 -2.68810E+00
   33  5.67000E-02  2.57140E+00  3.75000E-02 -3.04038E+00
   34  4.20000E-02  2.57140E+00  3.30000E-02 -3.47844E+00
   35  2.95000E-02  2.57140E+00  2.82000E-02 -4.03287E+00
   36  1.90000E-02  2.57140E+00  2.31000E-02 -4.83055E+00
   37  1.08000E-02  2.57140E+00  1.77000E-02 -5.89007E+00
   38  4.90000E-03  2.57140E+00  1.20000E-02 -7.39971E+00
   39  1.20000E-03  2.57140E+00  6.10000E-03 -1.02064E+01
   40  0.00000E+00  2.57140E+00  0.00000E+00 -9.05143E+00
   41  1.20000E-03  2.57140E+00 -6.10000E-03  4.40141E-01
   42  4.90000E-03  2.57140E+00 -1.20000E-02  5.71630E+00
   43  1.08000E-02  2.57140E+00 -1.77000E-02  4.23997E+00
   44  1.90000E-02  2.57140E+00 -2.31000E-02  3.03219E+00
   45  2.95000E-02  2.57140E+00 -2.82000E-02  2.24260E+00
   46  4.20000E-02  2.57140E+00 -3.30000E-02  1.68399E+00
   47  5.67000E-02  2.57140E+00 -3.75000E-02  1.26759E+00
   48  7.33000E-02  2.57140E+00 -4.16000E-02  9.63517E-01
   49  9.18000E-02  2.57140E+00 -4.54000E-02  7.16339E-01
   50  1.12200E-01  2.57140E+00 -4.88000E-02  5.21069E-01
   51  1.34300E-01  2.57140E+00 -5.17000E-02  3.81705E-01
   52  1.58100E-01  2.57140E+00 -5.42000E-02  2.67402E-01
   53  1.83500E-01  2.57140E+00 -5.63000E-02  1.69351E-01
   54  2.10400E-01  2.57140E+00 -5.79000E-02  9.33474E-02
   55  2.38700E-01  2.57140E+00 -5.91000E-02  2.83508E-02
   56  2.68400E-01  2.57140E+00 -5.98000E-02 -2.13376E-02
   57  2.99300E-01  2.57140E+00 -6.00000E-02 -5.56704E-02
   58  3.31300E-01  2.57140E+00 -5.98000E-02 -8.29690E-02
   59  3.64400E-01  2.57140E+00 -5.91000E-02 -1.04120E-01
   60  3.98400E-01  2.57140E+00 -5.81000E-02 -1.24074E-01
   61  4.33200E-01  2.57140E+00 -5.66000E-02 -1.36504E-01
   62  4.68700E-01  2.57140E+00 -5.48000E-02 -1.42251E-01
   63  5.04800E-01  2.57140E+00 -5.26000E-02 -1.49051E-01
   64  5.41300E-01  2.57140E+00 -5.02000E-02 -1.56556E-01
   65  5.78100E-01  2.57140E+00 -4.74000E-02 -1.58564E-01
   66  6.15100E-01  2.57140E+00 -4.44000E-02 -1.55235E-01
   67  6.52100E-01  2.57140E+00 -4.11000E-02 -1.50189E-01
   68  6.88900E-01  2.57140E+00 -3.77000E-02 -1.46012E-01
   69  7.25300E-01  2.57140E+00 -3.41000E-02 -1.40083E-01
   70  7.61200E-01  2.57140E+00 -3.04000E-02 -1.28525E-01
   71  7.96300E-01  2.57140E+00 -2.66000E-02 -1.14289E-01
   72  8.30400E-01  2.57140E+00 -2.28000E-02 -9.94200E-02
   73  8.63100E-01  2.57140E+00 -1.90000E-02 -7.62714E-02
   74  8.94100E-01  2.57140E+00 -1.52000E-02 -3.66355E-02
   75  9.22900E-01  2.57140E+00 -1.16000E-02  1.13595E-02
   76  9.49100E-01  2.57140E+00 -8.20000E-03  8.22659E-02
   77  9.71900E-01  2.57140E+00 -5.10000E-03  1.48629E-01
   78  9.89900E-01  2.57140E+00 -2.70000E-03  3.76299E-01
   79  1.00000E+00  2.57140E+00  0.00000E+00  7.30771E-01
*eof
n01c008
    1  1.00000E+00  3.00000E+00  0.00000E+00 -8.27557E-03
    2  9.89900E-01  3.00000E+00  2.70000E-03 -2.86187E-01
    3  9.71900E-01  3.00000E+00  5.10000E-03 -3.55362E-01
    4  9.49100E-01  3.00000E+00  8.20000E-03 -2.70867E-01
    5  9.22900E-01  3.00000E+00  1.16000E-02 -3.32907E-01
    6  8.94100E-01  3.00000E+00  1.52000E-02 -3.70428E-01
    7  8.63100E-01  3.00000E+00  1.90000E-02 -4.12161E-01
    8  8.30400E-01  3.00000E+00  2.28000E-02 -4.43874E-01
    9  7.96300E-01  3.00000E+00  2.66000E-02 -4.67486E-01
   10  7.61200E-01  3.00000E+00  3.04000E-02 -4.96531E-01
   11  7.25300E-01  3.00000E+00  3.41000E-02 -5.25068E-01
   12  6.88900E-01  3.00000E+00  3.77000E-02 -5.48818E-01
   13  6.52100E-01  3.00000E+00  4.11000E-02 -5.70770E-01
   14  6.15100E-01  3.00000E+00  4.44000E-02 -5.97590E-01
   15  5.78100E-01  3.00000E+00  4.74000E-02 -6.25072E-01
   16  5.41300E-01  3.00000E+00  5.02000E-02 -6.49062E-01
   17  5.04800E-01  3.00000E+00  5.26000E-02 -6.68088E-01
   18  4.68700E-01  3.00000E+00  5.48000E-02 -6.93128E-01
   19  4.33200E-01  3.00000E+00  5.66000E-02 -7.26779E-01
   20  3.98400E-01  3.00000E+00  5.81000E-02 -7.58446E-01
   21  3.64400E-01  3.00000E+00  5.91000E-02 -7.87324E-01
   22  3.31300E-01  3.00000E+00  5.98000E-02 -8.26290E-01
   23  2.99300E-01  3.00000E+00  6.00000E-02 -8.71739E-01
   24  2.68400E-01  3.00000E+00  5.98000E-02 -9.23474E-01
   25  2.38700E-01  3.00000E+00  5.91000E-02 -9.78505E-01
   26  2.10400E-01  3.00000E+00  5.79000E-02 -1.03422E+00
   27  1.83500E-01  3.00000E+00  5.63000E-02 -1.11009E+00
   28  1.58100E-01  3.00000E+00  5.42000E-02 -1.19391E+00
   29  1.34300E-01  3.00000E+00  5.17000E-02 -1.30381E+00
   30  1.12200E-01  3.00000E+00  4.88000E-02 -1.45055E+00
   31  9.18000E-02  3.00000E+00  4.54000E-02 -1.59977E+00
   32  7.33000E-02  3.00000E+00  4.16000E-02 -1.77310E+00
   33  5.67000E-02  3.00000E+00  3.75000E-02 -2.01988E+00
   34  4.20000E-02  3.00000E+00  3.30000E-02 -2.31452E+00
   35  2.95000E-02  3.00000E+00  2.82000E-02 -2.66051E+00
   36  1.90000E-02  3.00000E+00  2.31000E-02 -3.16757E+00
   37  1.08000E-02  3.00000E+00  1.77000E-02 -3.75302E+00
   38  4.90000E-03  3.00000E+00  1.20000E-02 -4.52569E+00
   39  1.20000E-03  3.00000E+00  6.10000E-03 -7.13116E+00
   40  0.00000E+00  3.00000E+00  0.00000E+00 -5.41523E+00
   41  1.20000E-03  3.00000E+00 -6.10000E-03  4.25881E+00
   42  4.90000E-03  3.00000E+00 -1.20000E-02  7.16961E+00
   43  1.08000E-02  3.00000E+00 -1.77000E-02  3.47140E+00
   44  1.90000E-02  3.00000E+00 -2.31000E-02  1.96377E+00
   45  2.95000E-02  3.00000E+00 -2.82000E-02  1.23864E+00
   46  4.20000E-02  3.00000E+00 -3.30000E-02  7.67286E-01
   47  5.67000E-02  3.00000E+00 -3.75000E-02  4.33076E-01
   48  7.33000E-02  3.00000E+00 -4.16000E-02  2.10656E-01
   49  9.18000E-02  3.00000E+00 -4.54000E-02  3.21656E-02
   50  1.12200E-01  3.00000E+00 -4.88000E-02 -9.98781E-02
   51  1.34300E-01  3.00000E+00 -5.17000E-02 -1.75085E-01
   52  1.58100E-01  3.00000E+00 -5.42000E-02 -2.35316E-01
   53  1.83500E-01  3.00000E+00 -5.63000E-02 -2.89137E-01
   54  2.10400E-01  3.00000E+00 -5.79000E-02 -3.25038E-01
   55  2.38700E-01  3.00000E+00 -5.91000E-02 -3.58832E-01
   56  2.68400E-01  3.00000E+00 -5.98000E-02 -3.82566E-01
   57  2.99300E-01  3.00000E+00 -6.00000E-02 -3.94851E-01
   58  3.31300E-01  3.00000E+00 -5.98000E-02 -4.06084E-01
   59  3.64400E-01  3.00000E+00 -5.91000E-02 -4.14986E-01
   60  3.98400E-01  3.00000E+00 -5.81000E-02 -4.28361E-01
   61  4.33200E-01  3.00000E+00 -5.66000E-02 -4.36294E-01
   62  4.68700E-01  3.00000E+00 -5.48000E-02 -4.39196E-01
   63  5.04800E-01  3.00000E+00 -5.26000E-02 -4.47317E-01
   64  5.41300E-01  3.00000E+00 -5.02000E-02 -4.59908E-01
   65  5.78100E-01  3.00000E+00 -4.74000E-02 -4.68498E-01
   66  6.15100E-01  3.00000E+00 -4.44000E-02 -4.73535E-01
   67  6.52100E-01  3.00000E+00 -4.11000E-02 -4.79610E-01
   68  6.88900E-01  3.00000E+00 -3.77000E-02 -4.90301E-01
   69  7.25300E-01  3.00000E+00 -3.41000E-02 -5.02410E-01
   70  7.61200E-01  3.00000E+00 -3.04000E-02 -5.10944E-01
   71  7.96300E-01  3.00000E+00 -2.66000E-02 -5.20351E-01
   72  8.30400E-01  3.00000E+00 -2.28000E-02 -5.34564E-01
   73  8.63100E-01  3.00000E+00 -1.90000E-02 -5.43649E-01
   74  8.94100E-01  3.00000E+00 -1.52000E-02 -5.35410E-01
   75  9.22900E-01  3.00000E+00 -1.16000E-02 -5.22262E-01
   76  9.49100E-01  3.00000E+00 -8.20000E-03 -4.78298E-01
   77  9.71900E-01  3.00000E+00 -5.10000E-03 -4.67182E-01
   78  9.89900E-01  3.00000E+00 -2.70000E-03 -1.76218E-01
   79  1.00000E+00  3.00000E+00  0.00000E+00  2.63969E-01
*eof
n02c001
    1  0.00000E+00  3.00000E+00  0.00000E+00 -2.96431E+00
    2  1.20000E-03  3.00000E+00 -6.10000E-03 -2.51063E+00
    3  4.90000E-03  3.00000E+00 -1.20000E-02 -1.92623E+00
    4  1.08000E-02  3.00000E+00 -1.77000E-02 -1.65911E+00
    5  1.90000E-02  3.00000E+00 -2.31000E-02 -1.52325E+00
    6  2.95000E-02  3.00000E+00 -2.82000E-02 -1.44190E+00
    7  4.20000E-02  3.00000E+00 -3.30000E-02 -1.39996E+00
    8  5.67000E-02  3.00000E+00 -3.75000E-02 -1.38167E+00
    9  7.33000E-02  3.00000E+00 -4.16000E-02 -1.37672E+00
   10  9.18000E-02  3.00000E+00 -4.54000E-02 -1.38279E+00
   11  1.12200E-01  3.00000E+00 -4.88000E-02 -1.39791E+00
   12  1.34300E-01  3.00000E+00 -5.17000E-02 -1.41979E+00
   13  1.58100E-01  3.00000E+00 -5.42000E-02 -1.44788E+00
   14  1.83500E-01  3.00000E+00 -5.63000E-02 -1.48148E+00
   15  2.10400E-01  3.00000E+00 -5.79000E-02 -1.52022E+00
   16  2.38700E-01  3.00000E+00 -5.91000E-02 -1.56457E+00
   17  2.68400E-01  3.00000E+00 -5.98000E-02 -1.61454E+00
   18  2.99300E-01  3.00000E+00 -6.00000E-02 -1.67100E+00
   19  3.31300E-01  3.00000E+00 -5.98000E-02 -1.73460E+00
   20  3.64400E-01  3.00000E+00 -5.91000E-02 -1.80662E+00
   21  3.98400E-01  3.00000E+00 -5.81000E-02 -1.88771E+00
   22  4.33200E-01  3.00000E+00 -5.66000E-02 -1.97953E+00
   23  4.68700E-01  3.00000E+00 -5.48000E-02 -2.08400E+00
   24  5.04800E-01  3.00000E+00 -5.26000E-02 -2.20325E+00
   25  5.41300E-01  3.00000E+00 -5.02000E-02 -2.33941E+00
   26  5.78100E-01  3.00000E+00 -4.74000E-02 -2.49687E+00
   27  6.15100E-01  3.00000E+00 -4.44000E-02 -2.68085E+00
   28  6.52100E-01  3.00000E+00 -4.11000E-02 -2.89680E+00
   29  6.88900E-01  3.00000E+00 -3.77000E-02 -3.15170E+00
   30  7.25300E-01  3.00000E+00 -3.41000E-02 -3.45642E+00
   31  7.61200E-01  3.00000E+00 -3.04000E-02 -3.82762E+00
   32  7.96300E-01  3.00000E+00 -2.66000E-02 -4.28542E+00
   33  8.30400E-01  3.00000E+00 -2.28000E-02 -4.86033E+00
   34  8.63100E-01  3.00000E+00 -1.90000E-02 -5.60197E+00
   35  8.94100E-01  3.00000E+00 -1.52000E-02 -6.60546E+00
   36  9.22900E-01  3.00000E+00 -1.16000E-02 -8.01975E+00
   37  9.49100E-01  3.00000E+00 -8.20000E-03 -1.01707E+01
   38  9.71900E-01  3.00000E+00 -5.10000E-03 -1.32411E+01
   39  9.89900E-01  3.00000E+00 -2.70000E-03 -2.21406E+01
   40  1.00000E+00  3.00000E+00  0.00000E+00 -3.23582E+01
*eof
n02c002
    1  0.00000E+00  3.00000E+00  0.00000E+00 -2.96431E+00
    2  1.20000E-03  3.00000E+00  6.10000E-03 -2.51072E+00
    3  4.90000E-03  3.00000E+00  1.20000E-02 -1.92639E+00
    4  1.08000E-02  3.00000E+00  1.77000E-02 -1.65913E+00
    5  1.90000E-02  3.00000E+00  2.31000E-02 -1.52326E+00
    6  2.95000E-02  3.00000E+00  2.82000E-02 -1.44191E+00
    7  4.20000E-02  3.00000E+00  3.30000E-02 -1.39996E+00
    8  5.67000E-02  3.00000E+00  3.75000E-02 -1.38167E+00
    9  7.33000E-02  3.00000E+00  4.16000E-02 -1.37672E+00
   10  9.18000E-02  3.00000E+00  4.54000E-02 -1.38279E+00
   11  1.12200E-01  3.00000E+00  4.88000E-02 -1.39791E+00
   12  1.34300E-01  3.00000E+00  5.17000E-02 -1.41979E+00
   13  1.58100E-01  3.00000E+00  5.42000E-02 -1.44788E+00
   14  1.83500E-01  3.00000E+00  5.63000E-02 -1.48148E+00
   15  2.10400E-01  3.00000E+00  5.79000E-02 -1.52022E+00
   16  2.38700E-01  3.00000E+00  5.91000E-02 -1.56457E+00
   17  2.68400E-01  3.00000E+00  5.98000E-02 -1.61454E+00
   18  2.99300E-01  3.00000E+00  6.00000E-02 -1.67100E+00
   19  3.31300E-01  3.00000E+00  5.98000E-02 -1.73460E+00
   20  3.64400E-01  3.00000E+00  5.91000E-02 -1.80662E+00
   21  3.98400E-01  3.00000E+00  5.81000E-02 -1.88771E+00
   22  4.33200E-01  3.00000E+00  5.66000E-02 -1.97953E+00
   23  4.68700E-01  3.00000E+00  5.48000E-02 -2.08400E+00
   24  5.04800E-01  3.00000E+00  5.26000E-02 -2.20324E+00
   25  5.41300E-01  3.00000E+00  5.02000E-02 -2.33941E+00
   26  5.78100E-01  3.00000E+00  4.74000E-02 -2.49686E+00
   27  6.15100E-01  3.00000E+00  4.44000E-02 -2.68084E+00
   28  6.52100E-01  3.00000E+00  4.11000E-02 -2.89680E+00
   29  6.88900E-01  3.00000E+00  3.77000E-02 -3.15169E+00
   30  7.25300E-01  3.00000E+00  3.41000E-02 -3.45641E+00
   31  7.61200E-01  3.00000E+00  3.04000E-02 -3.82762E+00
   32  7.96300E-01  3.00000E+00  2.66000E-02 -4.28541E+00
   33  8.30400E-01  3.00000E+00  2.28000E-02 -4.86032E+00
   34  8.63100E-01  3.00000E+00  1.90000E-02 -5.60197E+00
   35  8.94100E-01  3.00000E+00  1.52000E-02 -6.60547E+00
   36  9.22900E-01  3.00000E+00  1.16000E-02 -8.01984E+00
   37  9.49100E-01  3.00000E+00  8.20000E-03 -1.01711E+01
   38  9.71900E-01  3.00000E+00  5.10000E-03 -1.32473E+01
   39  9.89900E-01  3.00000E+00  2.70000E-03 -2.21437E+01
   40  1.00000E+00  3.00000E+00  0.00000E+00 -3.23582E+01
*eof
n03c001
    1  1.00000E+00  0.00000E+00  0.00000E+00  0.00000E+00
    2  1.01000E+02  0.00000E+00  0.00000E+00  0.00000E+00
*eof
n03c002
    1  1.00000E+00  4.28600E-01  0.00000E+00  0.00000E+00
    2  1.01000E+02  4.28600E-01  0.00000E+00  0.00000E+00
*eof
n03c003
    1  1.00000E+00  8.57100E-01  0.00000E+00  0.00000E+00
    2  1.01000E+02  8.57100E-01  0.00000E+00  0.00000E+00
*eof
n03c004
    1  1.00000E+00  1.28570E+00  0.00000E+00  0.00000E+00
    2  1.01000E+02  1.28570E+00  0.00000E+00  0.00000E+00
*eof
n03c005
    1  1.00000E+00  1.71430E+00  0.00000E+00  0.00000E+00
    2  1.01000E+02  1.71430E+00  0.00000E+00  0.00000E+00
*eof
n03c006
    1  1.00000E+00  2.14290E+00  0.00000E+00  0.00000E+00
    2  1.01000E+02  2.14290E+00  0.00000E+00  0.00000E+00
*eof
n03c007
    1  1.00000E+00  2.57140E+00  0.00000E+00  0.00000E+00
    2  1.01000E+02  2.57140E+00  0.00000E+00  0.00000E+00
*eof
n03c008
    1  1.00000E+00  3.00000E+00  0.00000E+00  0.00000E+00
    2  1.01000E+02  3.00000E+00  0.00000E+00  0.00000E+00
*eof
